-- Matcha movement pulse toggle
-- Toggle: Right Control
-- Image overlay uses Drawing squares because Roblox ImageLabel URLs/custom assets can fail in Matcha.
-- Quality: 288x288, 64 colors, 23064 rectangles.

local Players = game:GetService("Players")

local VK_RCONTROL = 0xA3
local PULSE_SECONDS = 0.02
local MOVE_KEYS = {
    0x57, -- W
    0x41, -- A
    0x53, -- S
    0x44, -- D
}

local IMAGE_W = 288
local IMAGE_H = 288
local IMAGE_DATA = {
    Palette = {Color3.fromRGB(179,179,179),Color3.fromRGB(64,64,62),Color3.fromRGB(32,32,31),Color3.fromRGB(96,96,93),Color3.fromRGB(130,131,127),Color3.fromRGB(14,14,14),Color3.fromRGB(16,16,16),Color3.fromRGB(150,150,150),Color3.fromRGB(166,166,166),Color3.fromRGB(71,71,71),Color3.fromRGB(136,136,136),Color3.fromRGB(86,86,86),Color3.fromRGB(57,57,57),Color3.fromRGB(103,103,103),Color3.fromRGB(119,119,119),Color3.fromRGB(39,39,39)},
    -- Color 0
    X0 = {286,287,284,285,286,283,284,286,284,278,283,284,276,283,284,276,277,266,267,275,282,70,266,267,281,70,72,73,74,267,69,70,71,259,70,71,249,238,239,240,241,243,244,97,238,239,240,241,266,102,234,235,239,240,241,225,233,234,235,236,237,238,265,89,225,226,228,229,234,236,237,238,239,86,87,287,90,116,224,269,281,285,286,287,92,208,224,225,275,276,280,281,282,283,284,285,286,287,93,206,207,210,270,275,276,279,280,281,282,283,284,285,286,287,93,204,205,206,207,208,271,272,273,274,275,279,280,281,282,283,284,286,287,93,94,205,206,207,208,267,273,274,277,279,280,281,282,283,284,285,286,287,92,198,206,207,208,272,276,277,280,281,282,283,284,285,286,195,196,197,206,207,275,280,281,285,194,268,274,278,279,280,281,283,277,278,279,280,281,282,283,184,204,278,279,183,184,183,184,186,187,102,161,183,184,185,158,159,183,184,185,200,156,157,158,159,183,184,185,198,199,200,199,196,197,196,197,195,196,197,195,189},
    Y0 = {115,115,116,116,116,117,117,117,118,119,119,119,120,120,120,121,121,123,123,123,123,124,124,124,124,125,125,125,125,125,126,126,126,126,127,127,127,128,128,128,128,128,128,129,129,129,129,129,129,130,130,130,130,130,130,131,131,131,131,131,131,131,131,132,132,132,132,132,132,132,132,132,132,133,133,133,134,134,134,134,134,134,134,134,135,135,135,135,135,135,135,135,135,135,135,135,135,135,136,136,136,136,136,136,136,136,136,136,136,136,136,136,136,136,137,137,137,137,137,137,137,137,137,137,137,137,137,137,137,137,137,137,137,138,138,138,138,138,138,138,138,138,138,138,138,138,138,138,138,138,138,138,139,139,139,139,139,139,139,139,139,139,139,139,139,139,139,140,140,140,140,140,140,140,140,140,141,141,141,141,141,141,141,141,142,142,142,142,142,142,142,143,143,143,143,144,144,145,145,145,145,146,146,146,146,146,147,147,147,147,147,147,148,148,148,148,148,148,148,148,148,148,149,150,150,151,151,152,152,152,153,156},
    -- Color 1
    X1 = {113,115,116,109,114,226,226,227,228,227,225,229,217,210},
    Y1 = {141,143,143,144,149,151,152,152,152,153,154,154,164,167},
    -- Color 2
    X2 = {112,110,213,211},
    Y2 = {143,144,167,168},
    -- Color 3
    X3 = {111,214,211},
    Y3 = {148,164,166},
    -- Color 4
    X4 = {111},
    Y4 = {149},
    -- Color 5
    X5 = {0,1,2,3,4,5,6,7,8,9,10,12,13,14,15,16,17,18,19,20,22,23,24,31,32,33,34,35,36,37,38,39,40,41,43,44,45,46,50,51,52,53,54,55,56,57,58,59,64,65,66,69,70,71,72,73,74,75,76,77,78,79,81,82,83,84,85,86,87,90,91,92,93,94,95,96,97,98,99,100,101,104,105,106,107,108,109,110,111,112,113,114,115,116,117,119,120,121,122,123,128,129,131,132,133,134,135,139,140,141,142,143,144,145,147,150,151,152,153,154,155,156,157,159,160,161,162,163,164,165,166,167,168,169,170,171,172,173,174,175,176,177,178,179,180,181,184,185,186,187,189,190,191,192,193,195,196,197,198,199,200,201,202,203,204,205,206,207,208,209,210,211,212,215,216,217,218,222,224,225,226,227,228,231,232,233,234,235,236,237,238,239,240,241,242,243,244,247,248,249,250,253,254,255,256,257,258,259,260,261,262,263,264,265,266,267,268,269,270,271,272,273,274,275,276,278,279,280,281,283,284,285,286,287,1,2,3,4,5,6,7,8,9,10,12,14,15,16,17,18,19,20,21,22,23,24,31,32,33,34,35,39,40,41,42,43,44,45,46,50,51,52,53,54,55,56,57,58,59,62,63,65,66,67,68,69,70,71,72,73,74,75,76,77,78,79,81,82,83,84,85,86,87,90,91,92,93,94,95,96,97,98,99,100,101,102,103,104,105,106,107,108,109,110,111,112,113,114,115,116,117,118,120,121,122,123,125,126,127,128,129,131,132,133,134,135,136,139,140,141,142,143,144,145,146,150,151,152,153,154,155,156,159,160,161,162,163,164,165,166,167,168,169,170,171,172,173,174,175,176,177,178,179,180,181,182,183,184,185,186,187,189,190,191,192,193,194,195,196,197,198,199,200,201,202,203,204,205,206,210,211,212,213,214,215,216,217,218,219,222,224,226,227,228,229,230,231,232,233,234,235,236,237,241,242,243,244,245,246,247,248,249,250,253,254,255,256,257,258,259,260,261,262,263,264,265,266,267,268,269,270,271,272,273,274,275,276,278,279,280,281,282,283,284,285,286,287,1,2,3,4,5,6,7,8,9,10,14,15,16,17,18,19,20,21,22,23,24,25,31,32,33,34,35,36,39,40,41,42,43,44,45,46,50,51,52,53,54,55,56,57,58,59,62,63,64,65,66,69,70,71,72,73,74,75,76,77,78,79,81,82,83,84,85,86,87,91,92,93,94,95,96,97,98,99,100,101,102,103,104,105,106,107,108,109,110,111,112,113,114,115,116,117,120,121,122,123,125,126,127,128,129,131,136,137,139,140,141,142,143,144,145,146,151,153,154,155,156,160,161,162,163,164,166,167,168,169,170,171,172,173,174,175,176,177,178,179,180,181,182,183,184,185,186,187,188,189,190,191,192,193,194,195,197,198,199,200,201,202,203,204,205,206,213,214,215,216,217,218,222,224,226,227,228,229,230,231,232,233,234,235,236,237,238,239,240,241,242,243,244,245,246,247,248,249,250,253,254,255,256,257,258,259,260,261,262,263,264,265,266,267,268,269,270,271,272,273,274,275,276,278,279,280,281,282,283,284,285,286,287,0,1,2,3,4,5,6,7,8,9,10,11,12,14,15,16,17,18,19,20,22,23,24,25,26,27,28,29,30,31,32,33,34,35,36,37,39,40,41,42,44,45,46,47,48,49,50,51,53,54,55,56,57,58,59,60,61,64,65,67,68,71,72,73,74,75,76,77,78,80,81,82,84,85,86,87,88,89,90,91,92,93,94,95,96,97,98,99,100,101,102,103,104,105,106,107,108,109,110,111,112,113,114,115,116,117,118,119,120,121,122,123,124,125,126,127,128,129,130,131,135,136,137,138,139,140,141,144,145,146,147,148,149,154,155,156,157,158,159,160,161,162,163,166,167,168,169,170,171,172,173,174,175,178,179,180,181,182,183,187,188,189,190,191,192,193,194,195,196,197,198,200,201,202,203,204,205,206,207,210,211,212,213,214,215,216,217,218,219,220,221,222,223,224,225,226,227,228,229,230,231,232,233,234,235,236,237,238,239,240,241,242,243,244,245,246,247,248,249,250,251,252,253,255,256,257,258,259,260,261,262,263,264,265,266,267,268,269,270,271,272,273,274,275,276,277,278,279,280,281,282,0,1,2,3,4,5,6,7,8,9,10,11,12,13,14,15,16,17,18,19,20,21,22,23,25,26,27,28,29,30,31,32,34,35,36,37,39,40,41,42,48,49,50,51,54,56,57,58,59,60,61,64,65,67,68,69,70,71,72,73,74,75,76,77,78,79,80,81,82,84,85,86,87,88,89,90,91,92,93,94,95,96,97,98,99,100,101,103,104,105,106,107,108,109,110,111,112,113,114,115,119,120,121,122,123,124,125,126,127,128,129,130,131,134,135,136,137,138,139,140,141,142,143,144,145,146,147,148,149,150,151,152,155,156,157,158,159,160,161,162,163,166,167,168,169,170,171,173,174,175,179,180,181,182,185,186,187,188,189,190,191,192,193,194,195,196,197,198,199,200,201,202,203,204,205,206,207,208,209,210,211,212,213,214,215,216,217,218,219,222,223,224,225,226,227,228,229,230,231,232,233,234,235,236,237,238,239,240,241,242,243,244,245,246,247,248,249,250,251,252,253,255,256,257,258,259,260,261,262,263,264,265,266,267,268,269,270,271,274,275,276,277,278,283,284,0,1,2,3,4,5,9,10,11,12,13,14,15,16,17,18,19,20,21,22,23,24,25,26,27,28,34,35,36,37,39,40,41,42,43,47,48,49,50,51,54,56,57,58,59,60,61,64,65,67,68,69,70,71,72,73,74,75,76,77,78,79,80,81,82,83,84,85,87,88,89,90,91,92,93,94,95,96,97,98,99,100,101,103,104,105,106,107,108,109,110,111,112,113,114,115,119,120,121,122,123,124,125,126,127,128,129,130,131,134,135,136,137,138,139,140,141,142,143,144,145,146,147,148,149,150,151,152,153,155,156,157,158,159,160,161,162,163,164,165,166,167,168,169,170,171,173,174,175,178,180,181,182,184,185,186,187,188,189,190,191,192,193,194,196,197,198,199,200,201,202,203,204,205,206,207,208,209,210,211,212,213,214,215,216,217,218,219,220,221,222,223,224,225,226,227,228,229,230,231,232,233,234,235,236,237,238,239,240,241,242,243,244,245,246,247,248,249,250,251,252,253,255,256,257,258,259,260,261,262,263,264,265,266,267,268,269,274,275,276,277,278,282,283,284,0,1,3,4,5,6,7,9,10,11,12,13,14,15,16,17,18,19,20,21,22,23,24,25,26,27,28,29,30,31,32,33,34,38,40,41,42,43,44,45,46,47,48,49,50,51,52,53,54,57,58,59,60,61,62,63,64,65,66,67,68,69,70,71,72,73,74,75,76,77,78,79,80,81,82,83,84,85,87,88,89,90,91,92,93,94,95,96,97,98,99,100,103,104,106,107,108,109,110,111,112,114,115,119,120,121,122,123,124,125,126,127,128,129,131,132,133,134,135,136,137,139,140,141,142,143,144,145,146,147,148,149,150,151,152,155,156,157,158,159,160,161,162,163,164,166,167,168,169,170,171,172,173,174,175,176,180,181,182,183,184,185,186,187,188,190,191,192,193,194,196,197,198,199,200,201,202,203,204,205,207,208,209,210,211,212,213,214,215,219,220,221,222,223,224,225,228,229,230,231,232,233,234,235,236,237,238,240,241,242,243,244,245,246,247,248,250,251,253,254,255,256,257,258,259,260,264,265,266,267,268,269,270,271,272,273,274,275,276,278,279,280,281,282,283,284,285,286,287,0,1,2,3,4,5,6,7,12,13,14,15,16,17,18,19,20,22,23,24,25,26,27,28,29,30,31,32,37,38,40,41,42,43,44,45,46,47,48,49,50,51,52,53,54,55,56,57,58,59,60,61,62,63,64,65,66,67,68,69,70,71,72,73,74,75,77,78,79,80,81,83,84,86,87,88,89,90,91,92,93,97,98,99,103,104,107,108,109,110,111,112,114,115,116,117,118,119,120,121,122,123,124,126,127,128,129,130,131,132,133,134,135,136,137,138,139,140,141,142,143,144,145,146,147,148,149,150,151,152,155,156,157,158,159,160,161,162,166,167,168,169,170,171,172,173,174,175,176,180,181,182,183,184,185,186,187,188,190,191,192,193,194,197,198,199,200,201,202,203,204,205,206,207,208,209,210,211,212,213,214,215,216,217,218,222,223,224,225,228,229,230,231,232,233,234,235,236,237,238,239,240,241,243,244,245,246,247,248,253,254,255,256,257,258,259,260,261,262,263,264,265,266,267,268,269,270,271,272,276,278,279,280,281,282,283,284,285,286,287,0,1,2,3,4,5,6,7,12,13,14,15,16,17,18,19,20,22,23,24,25,26,27,28,29,30,31,32,37,38,39,40,42,43,44,45,46,47,48,49,50,51,52,53,54,55,56,60,61,62,63,64,65,66,67,68,69,70,71,72...},
    Y5 = {0,0,0,0,0,0,0,0,0,0,0,0,0,0,0,0,0,0,0,0,0,0,0,0,0,0,0,0,0,0,0,0,0,0,0,0,0,0,0,0,0,0,0,0,0,0,0,0,0,0,0,0,0,0,0,0,0,0,0,0,0,0,0,0,0,0,0,0,0,0,0,0,0,0,0,0,0,0,0,0,0,0,0,0,0,0,0,0,0,0,0,0,0,0,0,0,0,0,0,0,0,0,0,0,0,0,0,0,0,0,0,0,0,0,0,0,0,0,0,0,0,0,0,0,0,0,0,0,0,0,0,0,0,0,0,0,0,0,0,0,0,0,0,0,0,0,0,0,0,0,0,0,0,0,0,0,0,0,0,0,0,0,0,0,0,0,0,0,0,0,0,0,0,0,0,0,0,0,0,0,0,0,0,0,0,0,0,0,0,0,0,0,0,0,0,0,0,0,0,0,0,0,0,0,0,0,0,0,0,0,0,0,0,0,0,0,0,0,0,0,0,0,0,0,0,0,0,0,0,0,0,0,0,0,1,1,1,1,1,1,1,1,1,1,1,1,1,1,1,1,1,1,1,1,1,1,1,1,1,1,1,1,1,1,1,1,1,1,1,1,1,1,1,1,1,1,1,1,1,1,1,1,1,1,1,1,1,1,1,1,1,1,1,1,1,1,1,1,1,1,1,1,1,1,1,1,1,1,1,1,1,1,1,1,1,1,1,1,1,1,1,1,1,1,1,1,1,1,1,1,1,1,1,1,1,1,1,1,1,1,1,1,1,1,1,1,1,1,1,1,1,1,1,1,1,1,1,1,1,1,1,1,1,1,1,1,1,1,1,1,1,1,1,1,1,1,1,1,1,1,1,1,1,1,1,1,1,1,1,1,1,1,1,1,1,1,1,1,1,1,1,1,1,1,1,1,1,1,1,1,1,1,1,1,1,1,1,1,1,1,1,1,1,1,1,1,1,1,1,1,1,1,1,1,1,1,1,1,1,1,1,1,1,1,1,1,1,1,1,1,1,1,1,1,1,1,1,1,1,1,1,1,1,1,1,1,1,1,1,1,1,1,1,1,1,1,1,2,2,2,2,2,2,2,2,2,2,2,2,2,2,2,2,2,2,2,2,2,2,2,2,2,2,2,2,2,2,2,2,2,2,2,2,2,2,2,2,2,2,2,2,2,2,2,2,2,2,2,2,2,2,2,2,2,2,2,2,2,2,2,2,2,2,2,2,2,2,2,2,2,2,2,2,2,2,2,2,2,2,2,2,2,2,2,2,2,2,2,2,2,2,2,2,2,2,2,2,2,2,2,2,2,2,2,2,2,2,2,2,2,2,2,2,2,2,2,2,2,2,2,2,2,2,2,2,2,2,2,2,2,2,2,2,2,2,2,2,2,2,2,2,2,2,2,2,2,2,2,2,2,2,2,2,2,2,2,2,2,2,2,2,2,2,2,2,2,2,2,2,2,2,2,2,2,2,2,2,2,2,2,2,2,2,2,2,2,2,2,2,2,2,2,2,2,2,2,2,2,2,2,2,2,2,2,2,2,2,2,2,2,2,2,2,2,2,2,2,2,2,2,2,2,2,2,2,2,2,2,2,2,3,3,3,3,3,3,3,3,3,3,3,3,3,3,3,3,3,3,3,3,3,3,3,3,3,3,3,3,3,3,3,3,3,3,3,3,3,3,3,3,3,3,3,3,3,3,3,3,3,3,3,3,3,3,3,3,3,3,3,3,3,3,3,3,3,3,3,3,3,3,3,3,3,3,3,3,3,3,3,3,3,3,3,3,3,3,3,3,3,3,3,3,3,3,3,3,3,3,3,3,3,3,3,3,3,3,3,3,3,3,3,3,3,3,3,3,3,3,3,3,3,3,3,3,3,3,3,3,3,3,3,3,3,3,3,3,3,3,3,3,3,3,3,3,3,3,3,3,3,3,3,3,3,3,3,3,3,3,3,3,3,3,3,3,3,3,3,3,3,3,3,3,3,3,3,3,3,3,3,3,3,3,3,3,3,3,3,3,3,3,3,3,3,3,3,3,3,3,3,3,3,3,3,3,3,3,3,3,3,3,3,3,3,3,3,3,3,3,3,3,3,3,3,3,3,3,3,3,3,3,3,3,3,3,3,3,3,3,3,3,3,3,3,3,3,3,3,3,3,3,3,4,4,4,4,4,4,4,4,4,4,4,4,4,4,4,4,4,4,4,4,4,4,4,4,4,4,4,4,4,4,4,4,4,4,4,4,4,4,4,4,4,4,4,4,4,4,4,4,4,4,4,4,4,4,4,4,4,4,4,4,4,4,4,4,4,4,4,4,4,4,4,4,4,4,4,4,4,4,4,4,4,4,4,4,4,4,4,4,4,4,4,4,4,4,4,4,4,4,4,4,4,4,4,4,4,4,4,4,4,4,4,4,4,4,4,4,4,4,4,4,4,4,4,4,4,4,4,4,4,4,4,4,4,4,4,4,4,4,4,4,4,4,4,4,4,4,4,4,4,4,4,4,4,4,4,4,4,4,4,4,4,4,4,4,4,4,4,4,4,4,4,4,4,4,4,4,4,4,4,4,4,4,4,4,4,4,4,4,4,4,4,4,4,4,4,4,4,4,4,4,4,4,4,4,4,4,4,4,4,4,4,4,4,4,4,4,4,4,4,4,4,4,4,4,4,4,4,4,4,4,4,4,4,4,4,4,4,4,4,4,4,4,4,4,4,5,5,5,5,5,5,5,5,5,5,5,5,5,5,5,5,5,5,5,5,5,5,5,5,5,5,5,5,5,5,5,5,5,5,5,5,5,5,5,5,5,5,5,5,5,5,5,5,5,5,5,5,5,5,5,5,5,5,5,5,5,5,5,5,5,5,5,5,5,5,5,5,5,5,5,5,5,5,5,5,5,5,5,5,5,5,5,5,5,5,5,5,5,5,5,5,5,5,5,5,5,5,5,5,5,5,5,5,5,5,5,5,5,5,5,5,5,5,5,5,5,5,5,5,5,5,5,5,5,5,5,5,5,5,5,5,5,5,5,5,5,5,5,5,5,5,5,5,5,5,5,5,5,5,5,5,5,5,5,5,5,5,5,5,5,5,5,5,5,5,5,5,5,5,5,5,5,5,5,5,5,5,5,5,5,5,5,5,5,5,5,5,5,5,5,5,5,5,5,5,5,5,5,5,5,5,5,5,5,5,5,5,5,5,5,5,5,5,5,5,5,5,5,5,5,5,5,5,5,5,5,5,5,5,5,5,5,5,5,5,5,5,5,5,5,6,6,6,6,6,6,6,6,6,6,6,6,6,6,6,6,6,6,6,6,6,6,6,6,6,6,6,6,6,6,6,6,6,6,6,6,6,6,6,6,6,6,6,6,6,6,6,6,6,6,6,6,6,6,6,6,6,6,6,6,6,6,6,6,6,6,6,6,6,6,6,6,6,6,6,6,6,6,6,6,6,6,6,6,6,6,6,6,6,6,6,6,6,6,6,6,6,6,6,6,6,6,6,6,6,6,6,6,6,6,6,6,6,6,6,6,6,6,6,6,6,6,6,6,6,6,6,6,6,6,6,6,6,6,6,6,6,6,6,6,6,6,6,6,6,6,6,6,6,6,6,6,6,6,6,6,6,6,6,6,6,6,6,6,6,6,6,6,6,6,6,6,6,6,6,6,6,6,6,6,6,6,6,6,6,6,6,6,6,6,6,6,6,6,6,6,6,6,6,6,6,6,6,6,6,6,6,6,6,6,6,6,6,6,6,6,6,6,6,6,6,6,6,6,6,6,6,6,6,6,6,6,6,6,6,6,6,6,6,6,6,6,6,6,6,6,6,6,6,7,7,7,7,7,7,7,7,7,7,7,7,7,7,7,7,7,7,7,7,7,7,7,7,7,7,7,7,7,7,7,7,7,7,7,7,7,7,7,7,7,7,7,7,7,7,7,7,7,7,7,7,7,7,7,7,7,7,7,7,7,7,7,7,7,7,7,7,7,7,7,7,7,7,7,7,7,7,7,7,7,7,7,7,7,7,7,7,7,7,7,7,7,7,7,7,7,7,7,7,7,7,7,7,7,7,7,7,7,7,7,7,7,7,7,7,7,7,7,7,7,7,7,7,7,7,7,7,7,7,7,7,7,7,7,7,7,7,7,7,7,7,7,7,7,7,7,7,7,7,7,7,7,7,7,7,7,7,7,7,7,7,7,7,7,7,7,7,7,7,7,7,7,7,7,7,7,7,7,7,7,7,7,7,7,7,7,7,7,7,7,7,7,7,7,7,7,7,7,7,7,7,7,7,7,7,7,7,7,7,7,7,7,7,7,7,7,7,7,7,7,7,7,7,7,7,7,7,7,7,7,7,7,7,7,7,7,7,7,7,8,8,8,8,8,8,8,8,8,8,8,8,8,8,8,8,8,8,8,8,8,8,8,8,8,8,8,8,8,8,8,8,8,8,8,8,8,8,8,8,8,8,8,8,8,8,8,8,8,8,8,8,8,8,8,8,8,8,8,8...},
    -- Color 6
    X6 = {11,21,25,26,27,28,29,30,42,47,48,49,60,61,62,63,67,68,80,88,89,102,103,118,124,125,126,127,130,136,137,138,146,148,149,158,182,183,188,194,213,214,219,220,221,223,229,230,245,246,251,252,277,282,0,11,13,25,26,27,28,29,30,36,37,38,47,48,49,60,61,64,80,88,89,119,124,130,137,138,147,148,149,157,158,188,207,208,209,220,221,223,225,238,239,240,251,252,277,0,11,12,13,26,27,28,29,30,37,38,47,48,49,60,61,67,68,80,88,89,90,118,119,124,130,132,133,134,135,138,147,148,149,150,152,157,158,159,165,196,207,208,209,210,211,212,219,220,221,223,225,251,252,277,13,21,38,43,52,62,63,66,69,70,79,83,132,133,134,142,143,150,151,152,153,164,165,176,177,184,185,186,199,208,209,254,283,284,285,286,287,24,33,38,43,44,45,46,47,52,53,55,62,63,66,83,102,116,117,118,132,133,153,154,164,165,172,176,177,178,183,184,220,221,254,272,273,279,280,281,282,285,286,287,6,7,8,29,30,31,32,33,38,44,45,46,52,53,55,62,63,66,86,102,116,117,118,132,133,154,172,176,177,179,183,195,254,270,271,272,273,279,280,281,285,286,287,2,8,35,36,37,39,55,56,86,101,102,105,113,116,117,118,130,138,153,154,165,177,178,179,189,195,206,216,217,218,226,227,239,249,252,261,262,263,277,8,9,10,11,21,33,34,35,36,39,76,82,85,94,95,96,100,101,102,105,106,113,125,153,154,163,164,165,177,178,179,189,195,196,219,220,221,226,227,242,249,250,251,252,273,274,275,277,8,9,10,11,21,33,34,35,36,41,57,58,59,76,82,94,95,96,100,101,102,106,107,125,132,144,151,152,153,154,160,163,164,165,177,178,179,205,219,220,221,226,227,250,251,252,271,272,273,274,275,277,282,283,0,1,2,23,24,39,40,41,42,43,58,59,60,85,87,102,126,129,130,144,151,152,163,164,179,187,188,210,211,212,220,221,253,260,271,282,283,0,1,6,7,16,17,23,24,38,39,42,43,58,59,60,69,87,88,102,121,128,129,130,163,164,166,180,197,198,199,202,203,207,208,223,225,226,227,269,270,271,284,285,286,287,16,17,18,24,25,38,39,43,47,59,60,86,87,88,102,105,129,130,163,166,167,223,224,225,226,227,237,253,269,270,271,285,286,287,16,17,24,39,57,60,69,98,99,124,142,150,151,152,163,179,200,210,229,244,270,14,57,58,59,60,61,62,63,67,76,77,78,81,82,93,99,119,124,126,127,137,160,161,163,172,173,174,178,179,180,181,182,199,200,202,209,213,219,226,228,229,230,240,244,254,265,270,280,3,15,16,17,30,35,36,37,38,58,59,60,61,62,63,76,77,93,99,115,119,124,125,135,136,137,149,157,172,173,174,177,178,179,180,181,182,196,197,208,209,213,219,226,228,229,230,235,236,262,270,276,277,278,279,280,3,4,15,16,17,18,34,35,36,37,38,63,76,77,79,80,93,99,100,101,114,115,124,125,128,129,149,158,182,196,208,209,213,219,226,245,258,269,276,277,278,1,2,3,33,34,35,36,63,71,75,76,77,79,82,106,107,122,128,129,130,131,134,143,156,158,183,185,186,189,191,194,195,196,198,199,207,208,213,219,220,221,233,237,244,245,249,251,255,275,276,277,2,12,13,14,33,34,35,51,52,64,71,75,76,77,78,79,82,105,106,107,129,130,133,143,156,158,174,175,198,199,207,208,213,237,244,245,246,249,254,255,276,3,4,38,65,77,81,93,94,105,106,122,131,142,143,155,158,184,204,213,226,227,249,255,2,11,21,44,45,46,47,48,49,55,56,81,93,94,97,98,99,120,134,135,142,144,158,213,225,249,250,252,255,256,266,275,276,286,0,1,2,11,12,13,14,15,16,19,32,33,44,45,46,47,48,49,55,56,81,82,83,91,92,93,94,95,96,120,132,134,135,136,152,158,180,204,205,206,213,219,220,221,225,226,249,250,255,0,1,2,11,12,13,14,20,33,34,38,39,44,45,46,47,48,49,55,56,78,91,92,93,94,95,96,120,123,124,125,126,132,134,135,136,152,153,192,213,220,221,224,245,246,249,255,261,267,268,274,287,9,10,11,18,19,21,22,23,24,25,26,33,34,35,46,57,62,90,92,93,95,129,130,131,132,133,142,143,154,172,176,185,186,190,196,201,216,229,240,260,261,274,287,10,11,16,17,18,19,22,23,24,25,26,35,36,42,43,57,58,66,85,87,88,89,129,130,131,132,133,172,176,185,186,196,221,229,240,250,251,254,260,263,273,276,277,286,287,10,11,16,17,22,23,24,42,43,57,58,61,93,94,101,102,119,121,129,130,131,132,133,140,167,172,176,185,186,196,221,229,230,241,253,254,257,263,276,277,287,0,1,2,16,20,24,57,58,61,70,79,80,90,91,92,93,104,105,112,113,114,122,123,124,125,130,157,170,171,185,190,191,192,213,214,215,216,223,224,242,257,260,277,10,16,24,79,80,88,91,92,93,113,114,125,126,130,157,191,205,234,235,251,253,257,277,6,9,10,16,24,42,43,45,46,64,65,66,67,68,73,74,79,80,88,91,92,93,109,112,113,114,130,137,166,167,191,194,195,235,246,251,256,257,282,282,8,9,10,11,66,72,73,74,75,82,95,96,97,102,158,159,160,165,168,177,178,204,216,217,248,249,260,261,277,280,281,282,283,284,285,286,287,8,9,10,11,16,17,24,34,35,73,74,75,96,102,142,163,176,177,178,179,204,207,208,216,217,218,219,223,224,227,228,232,249,273,274,275,277,280,285,286,287,3,4,5,8,9,10,11,16,17,20,21,24,35,46,56,57,58,69,72,73,74,96,97,98,99,113,163,166,177,178,179,185,186,207,208,215,216,217,218,219,223,224,227,228,229,260,261,262,269,270,285,286,287,8,9,10,11,16,17,18,19,35,44,55,64,73,74,77,96,98,129,130,131,149,163,166,174,207,208,223,224,227,249,264,269,270,276,278,285,286,287,10,11,12,25,26,28,29,30,43,44,55,60,61,62,64,88,93,94,95,96,103,104,105,106,107,108,116,117,118,119,120,121,124,128,129,130,168,176,177,178,207,208,222,223,224,225,226,227,252,255,256,270,271,283,284,285,286,287,10,11,12,13,25,26,27,28,29,30,31,38,44,55,60,61,62,64,69,70,71,81,82,88,93,94,95,96,107,108,116,117,118,119,120,121,124,127,128,129,130,150,151,152,176,177,178,179,188,189,190,196,207,208,226,227,228,229,241,242,243,252,253,270,271,284,10,11,12,13,14,24,25,26,27,28,29,30,31,32,55,56,57,58,59,60,61,62,64,69,70,71,81,82,88,93,94,95,96,107,108,116,117,118,119,120,121,124,127,128,129,130,131,132,133,134,141,142,143,151,152,160,161,169,170,171,176,177,178,179,190,195,196,207,208,213,214,215,219,220,226,227,228,252,255,256,260,263,264,265,266,269,270,271,272,273,279,280,284,3,4,5,13,15,16,22,23,24,28,29,30,33,38,39,57,58,59,60,61,62,63,64,73,75,76,77,78,79,80,87,88,89,93,99,100,108,122,123,124,125,126,136,137,138,143,153,154,163,164,165,175,181,182,183,191,196,204,205,206,207,208,214,219,229,243,244,245,246,263,264,265,269,276,279,3,4,5,17,18,22,23,24,28,29,30,38,39,57,58,63,64,75,76,77,78,79,80,87,88,89,93,99,100,108,122,123,124,136,137,138,143,156,157,158,163,164,165,179,180,181,182,191,196,207,208,213,214,219,243,244,245,246,257,258,259,263,264,265,271,276,3,4,5,10,11,14,15,22,23,24,28,29,30,35,36,37,38,39,57,58,63,64,65,73,75,76,77,78,79,80,81,82,87,88,89,93,99,108,122,123,124,136,137,138,143,156,157,158,163,164,165,169,186,191,196,197,198,199,200,207,208,214,219,243,244,245,246,259,263,264,265,276,13,14,15,28,35,36,51,52,60,75,76,78,79,80,81,82,83,90,91,98,99,133,154,156,165,171,185,186,191,197,198,199,200,201,207,249,8,9,14,15,35,36,51,52,60,80,81,93,96,110,125,126,127,133,147,165,200,201,202,203,204,205,206,213,225,226,227,228,254,10,11,34,44,45,46,51,52,60,133,139,140,147,160,161,165,169,177,191,201,202,203,204,205,213,214,224,285,286,287,0,1,6,10,11,12,13,14,33,34,46,47,50,51,52,55,75,76,77,91,92,104,105,147,154,155,170,171,187,191,192,193,201,202,203,204,205,210,211,212,213,214,217,240,253,254,255,256,268,273,274,275,285,286,287,0,1,4,5,8,9,10,11,12,13,32,33,34,38,39,47,51,52,82,83,84,91,92,93,104,105,135,136,137,141,142,143,154,155,171,175,176,197,198,199,203,204,213,214,234,240,245,246,252,268,272,273,274,275,285,286,287,2,9,10,11,12...},
    Y6 = {0,0,0,0,0,0,0,0,0,0,0,0,0,0,0,0,0,0,0,0,0,0,0,0,0,0,0,0,0,0,0,0,0,0,0,0,0,0,0,0,0,0,0,0,0,0,0,0,0,0,0,0,0,0,1,1,1,1,1,1,1,1,1,1,1,1,1,1,1,1,1,1,1,1,1,1,1,1,1,1,1,1,1,1,1,1,1,1,1,1,1,1,1,1,1,1,1,1,1,2,2,2,2,2,2,2,2,2,2,2,2,2,2,2,2,2,2,2,2,2,2,2,2,2,2,2,2,2,2,2,2,2,2,2,2,2,2,2,2,2,2,2,2,2,2,2,2,2,2,2,2,2,2,2,3,3,3,3,3,3,3,3,3,3,3,3,3,3,3,3,3,3,3,3,3,3,3,3,3,3,3,3,3,3,3,3,3,3,3,3,3,4,4,4,4,4,4,4,4,4,4,4,4,4,4,4,4,4,4,4,4,4,4,4,4,4,4,4,4,4,4,4,4,4,4,4,4,4,4,4,4,4,4,4,5,5,5,5,5,5,5,5,5,5,5,5,5,5,5,5,5,5,5,5,5,5,5,5,5,5,5,5,5,5,5,5,5,5,5,5,5,5,5,5,5,5,5,6,6,6,6,6,6,6,6,6,6,6,6,6,6,6,6,6,6,6,6,6,6,6,6,6,6,6,6,6,6,6,6,6,6,6,6,6,6,6,7,7,7,7,7,7,7,7,7,7,7,7,7,7,7,7,7,7,7,7,7,7,7,7,7,7,7,7,7,7,7,7,7,7,7,7,7,7,7,7,7,7,7,7,7,7,7,7,8,8,8,8,8,8,8,8,8,8,8,8,8,8,8,8,8,8,8,8,8,8,8,8,8,8,8,8,8,8,8,8,8,8,8,8,8,8,8,8,8,8,8,8,8,8,8,8,8,8,8,8,8,8,9,9,9,9,9,9,9,9,9,9,9,9,9,9,9,9,9,9,9,9,9,9,9,9,9,9,9,9,9,9,9,9,9,9,9,9,9,10,10,10,10,10,10,10,10,10,10,10,10,10,10,10,10,10,10,10,10,10,10,10,10,10,10,10,10,10,10,10,10,10,10,10,10,10,10,10,10,10,10,10,10,10,11,11,11,11,11,11,11,11,11,11,11,11,11,11,11,11,11,11,11,11,11,11,11,11,11,11,11,11,11,11,11,11,11,11,12,12,12,12,12,12,12,12,12,12,12,12,12,12,12,12,12,12,12,12,12,13,13,13,13,13,13,13,13,13,13,13,13,13,13,13,13,13,13,13,13,13,13,13,13,13,13,13,13,13,13,13,13,13,13,13,13,13,13,13,13,13,13,13,13,13,13,13,13,14,14,14,14,14,14,14,14,14,14,14,14,14,14,14,14,14,14,14,14,14,14,14,14,14,14,14,14,14,14,14,14,14,14,14,14,14,14,14,14,14,14,14,14,14,14,14,14,14,14,14,14,14,14,14,14,15,15,15,15,15,15,15,15,15,15,15,15,15,15,15,15,15,15,15,15,15,15,15,15,15,15,15,15,15,15,15,15,15,15,15,15,15,15,15,15,15,16,16,16,16,16,16,16,16,16,16,16,16,16,16,16,16,16,16,16,16,16,16,16,16,16,16,16,16,16,16,16,16,16,16,16,16,16,16,16,16,16,16,16,16,16,16,16,16,16,16,16,17,17,17,17,17,17,17,17,17,17,17,17,17,17,17,17,17,17,17,17,17,17,17,17,17,17,17,17,17,17,17,17,17,17,17,17,17,17,17,17,17,18,18,18,18,18,18,18,18,18,18,18,18,18,18,18,18,18,18,18,18,18,18,18,19,19,19,19,19,19,19,19,19,19,19,19,19,19,19,19,19,19,19,19,19,19,19,19,19,19,19,19,19,19,19,19,19,19,20,20,20,20,20,20,20,20,20,20,20,20,20,20,20,20,20,20,20,20,20,20,20,20,20,20,20,20,20,20,20,20,20,20,20,20,20,20,20,20,20,20,20,20,20,20,20,20,20,21,21,21,21,21,21,21,21,21,21,21,21,21,21,21,21,21,21,21,21,21,21,21,21,21,21,21,21,21,21,21,21,21,21,21,21,21,21,21,21,21,21,21,21,21,21,21,21,21,21,21,21,22,22,22,22,22,22,22,22,22,22,22,22,22,22,22,22,22,22,22,22,22,22,22,22,22,22,22,22,22,22,22,22,22,22,22,22,22,22,22,22,22,22,22,23,23,23,23,23,23,23,23,23,23,23,23,23,23,23,23,23,23,23,23,23,23,23,23,23,23,23,23,23,23,23,23,23,23,23,23,23,23,23,23,23,23,23,23,23,24,24,24,24,24,24,24,24,24,24,24,24,24,24,24,24,24,24,24,24,24,24,24,24,24,24,24,24,24,24,24,24,24,24,24,24,24,24,24,24,24,25,25,25,25,25,25,25,25,25,25,25,25,25,25,25,25,25,25,25,25,25,25,25,25,25,25,25,25,25,25,25,25,25,25,25,25,25,25,25,25,25,25,25,26,26,26,26,26,26,26,26,26,26,26,26,26,26,26,26,26,26,26,26,26,26,26,27,27,27,27,27,27,27,27,27,27,27,27,27,27,27,27,27,27,27,27,27,27,27,27,27,27,27,27,27,27,27,27,27,27,27,27,27,27,27,28,29,29,29,29,29,29,29,29,29,29,29,29,29,29,29,29,29,29,29,29,29,29,29,29,29,29,29,29,29,29,29,29,29,29,29,29,29,30,30,30,30,30,30,30,30,30,30,30,30,30,30,30,30,30,30,30,30,30,30,30,30,30,30,30,30,30,30,30,30,30,30,30,30,30,30,30,30,30,31,31,31,31,31,31,31,31,31,31,31,31,31,31,31,31,31,31,31,31,31,31,31,31,31,31,31,31,31,31,31,31,31,31,31,31,31,31,31,31,31,31,31,31,31,31,31,31,31,31,31,31,31,32,32,32,32,32,32,32,32,32,32,32,32,32,32,32,32,32,32,32,32,32,32,32,32,32,32,32,32,32,32,32,32,32,32,32,32,32,32,33,33,33,33,33,33,33,33,33,33,33,33,33,33,33,33,33,33,33,33,33,33,33,33,33,33,33,33,33,33,33,33,33,33,33,33,33,33,33,33,33,33,33,33,33,33,33,33,33,33,33,33,33,33,33,33,33,33,34,34,34,34,34,34,34,34,34,34,34,34,34,34,34,34,34,34,34,34,34,34,34,34,34,34,34,34,34,34,34,34,34,34,34,34,34,34,34,34,34,34,34,34,34,34,34,34,34,34,34,34,34,34,34,34,34,34,34,34,34,34,34,34,34,34,35,35,35,35,35,35,35,35,35,35,35,35,35,35,35,35,35,35,35,35,35,35,35,35,35,35,35,35,35,35,35,35,35,35,35,35,35,35,35,35,35,35,35,35,35,35,35,35,35,35,35,35,35,35,35,35,35,35,35,35,35,35,35,35,35,35,35,35,35,35,35,35,35,35,35,35,35,35,35,35,35,35,35,35,35,35,35,35,35,35,35,35,35,36,36,36,36,36,36,36,36,36,36,36,36,36,36,36,36,36,36,36,36,36,36,36,36,36,36,36,36,36,36,36,36,36,36,36,36,36,36,36,36,36,36,36,36,36,36,36,36,36,36,36,36,36,36,36,36,36,36,36,36,36,36,36,36,36,36,36,36,36,36,36,36,36,36,36,37,37,37,37,37,37,37,37,37,37,37,37,37,37,37,37,37,37,37,37,37,37,37,37,37,37,37,37,37,37,37,37,37,37,37,37,37,37,37,37,37,37,37,37,37,37,37,37,37,37,37,37,37,37,37,37,37,37,37,37,37,37,37,37,37,37,38,38,38,38,38,38,38,38,38,38,38,38,38,38,38,38,38,38,38,38,38,38,38,38,38,38,38,38,38,38,38,38,38,38,38,38,38,38,38,38,38,38,38,38,38,38,38,38,38,38,38,38,38,38,38,38,38,38,38,38,38,38,38,38,38,38,38,38,38,38,38,38,39,39,39,39,39,39,39,39,39,39,39,39,39,39,39,39,39,39,39,39,39,39,39,39,39,39,39,39,39,39,39,39,39,39,39,39,40,40,40,40,40,40,40,40,40,40,40,40,40,40,40,40,40,40,40,40,40,40,40,40,40,40,40,40,40,40,40,40,40,41,41,41,41,41,41,41,41,41,41,41,41,41,41,41,41,41,41,41,41,41,41,41,41,41,41,41,41,41,41,42,42,42,42,42,42,42,42,42,42,42,42,42,42,42,42,42,42,42,42,42,42,42,42,42,42,42,42,42,42,42,42,42,42,42,42,42,42,42,42,42,42,42,42,42,42,42,42,42,42,42,42,42,42,42,43,43,43,43,43,43,43,43,43,43,43,43,43,43,43,43,43,43,43,43,43,43,43,43,43,43,43,43,43,43,43,43,43,43,43,43,43,43,43,43,43,43,43,43,43,43,43,43,43,43,43,43,43,43,43,43,43,44,44,44,44,44...},
    -- Color 7
    X7 = {287,284,282,281,279,274,275,77,270,271,273,74,79,80,267,268,269,270,71,72,73,74,75,76,77,265,278,75,76,77,78,97,262,271,67,68,75,76,79,80,93,94,95,261,277,66,94,95,96,97,261,277,287,65,77,81,83,84,93,94,95,96,97,98,99,100,101,247,248,252,253,254,255,256,277,283,284,286,287,64,65,66,78,79,80,81,82,83,84,85,86,93,94,95,97,100,101,102,103,104,105,107,241,242,246,251,252,255,256,278,286,287,58,59,62,63,64,65,66,68,69,70,78,79,80,81,83,84,85,87,88,91,93,94,95,102,104,105,106,107,108,109,237,252,284,287,54,57,62,63,64,65,67,71,72,73,74,75,76,77,81,83,84,88,90,91,92,93,94,95,104,105,106,107,108,109,110,113,234,250,251,257,262,277,280,287,51,52,53,60,61,62,63,81,82,83,84,88,91,92,93,94,95,96,104,106,107,108,109,113,114,115,231,257,268,277,278,280,287,52,59,60,82,83,84,90,91,92,94,95,106,107,108,109,110,111,115,116,117,223,224,247,261,278,279,280,284,287,47,48,49,52,56,57,82,83,92,93,94,95,97,106,108,109,110,111,117,119,222,246,247,248,250,251,253,257,261,277,278,279,284,46,47,49,50,52,53,54,56,83,92,93,94,95,96,97,98,105,106,109,110,111,112,119,220,222,242,243,244,245,246,247,248,249,250,251,272,278,279,45,48,49,50,51,52,53,54,55,84,93,95,96,97,98,99,105,109,113,120,211,212,213,214,215,216,217,218,219,220,221,222,231,232,233,238,240,241,243,244,245,246,247,248,249,250,251,256,260,261,262,278,279,283,43,44,49,50,51,52,53,54,84,95,96,98,101,102,103,104,115,120,121,122,206,216,217,218,219,220,221,230,231,234,235,238,239,240,242,246,247,248,249,250,251,252,253,254,255,41,42,43,44,49,50,51,52,84,85,87,88,95,96,101,102,115,116,118,119,120,121,122,123,124,125,126,215,216,217,218,219,220,228,235,236,237,238,246,247,248,251,257,37,39,40,41,42,43,44,45,46,85,86,87,96,97,98,118,119,121,122,125,126,127,128,129,130,131,200,212,216,217,222,223,224,226,246,247,248,250,256,33,34,35,36,37,38,39,41,42,43,44,45,46,85,86,87,88,97,98,118,119,120,121,125,126,127,128,130,131,132,133,198,216,217,218,221,222,223,226,246,247,248,250,256,21,22,23,24,25,26,27,29,32,33,34,35,36,39,40,41,42,43,45,48,88,89,98,99,100,118,119,120,126,127,128,129,130,131,132,133,216,217,218,219,222,223,245,246,247,248,251,257,258,269,270,14,16,17,18,19,20,21,22,24,25,26,27,28,29,30,31,32,33,34,35,36,38,39,40,41,42,43,44,45,47,48,90,100,102,128,129,130,131,132,133,134,194,203,213,215,219,221,222,247,248,249,250,251,252,266,273,10,11,12,14,15,16,17,18,19,21,22,23,24,25,26,27,28,29,30,31,32,33,34,35,36,37,38,39,40,41,42,43,44,45,49,86,91,93,94,103,132,191,209,214,216,220,221,247,248,249,250,251,252,253,254,272,273,6,7,8,10,11,12,13,14,15,16,18,19,21,22,23,24,26,28,29,30,31,32,33,34,35,36,37,39,40,41,43,44,45,86,87,92,93,94,95,103,184,187,189,190,191,200,201,214,215,247,248,251,258,261,270,271,273,3,4,5,6,7,8,9,10,11,12,14,15,16,18,20,21,23,24,25,26,27,28,30,33,34,35,36,38,40,41,42,43,44,87,92,98,103,105,168,169,170,171,173,175,176,177,178,179,189,190,191,192,195,198,199,200,201,208,248,249,250,251,253,254,257,258,259,260,261,262,263,264,265,266,267,269,271,272,273,0,2,5,6,8,9,10,11,12,13,14,15,16,17,18,19,20,21,22,23,24,25,26,27,28,29,30,31,32,33,34,35,36,38,40,41,42,43,44,45,97,98,105,106,139,140,169,170,171,172,175,176,177,178,180,181,189,190,191,192,193,194,195,196,200,206,214,244,246,249,250,251,252,253,254,255,256,257,258,259,260,267,274,275,0,1,2,4,5,6,7,8,9,10,11,12,13,14,15,16,17,19,20,21,22,23,24,26,27,28,29,31,32,33,34,35,36,37,38,40,41,42,105,169,178,179,180,181,189,190,200,201,202,204,208,209,251,252,254,255,256,270,272,273,274,275,276,277,278,279,280,281,283,284,286,287,0,1,2,3,4,5,6,8,9,10,11,12,13,14,15,16,17,20,21,25,26,27,28,29,30,31,32,33,34,35,36,37,38,39,40,41,44,98,104,105,163,167,168,174,175,181,189,199,203,204,206,208,209,211,212,213,214,276,277,278,279,280,281,282,283,284,285,286,287,0,1,2,3,4,5,7,9,10,11,12,13,14,15,16,17,18,20,21,22,23,25,26,27,28,29,30,32,33,34,35,36,37,38,39,40,41,99,104,157,162,164,165,186,187,190,198,204,205,206,207,209,210,211,213,214,278,279,281,282,284,285,287,1,5,6,10,11,12,13,14,15,16,17,18,19,20,21,23,24,25,26,27,28,29,30,31,32,33,34,35,36,37,38,39,40,41,42,43,99,100,101,102,107,182,186,190,197,203,204,206,207,208,209,210,211,212,213,279,5,8,9,10,11,12,14,16,17,20,21,22,23,24,25,27,28,30,31,32,33,34,37,38,39,40,103,108,109,110,155,156,158,186,196,207,208,209,210,211,212,3,4,5,8,9,10,11,12,13,15,16,17,19,21,22,23,26,27,28,30,31,32,33,34,104,105,107,108,109,111,183,185,186,190,191,202,208,209,210,211,9,10,12,13,14,15,17,19,21,25,28,29,30,31,32,33,34,35,107,200,201,208,209,10,12,13,14,15,16,26,27,28,29,30,31,109,110,111,194,200,10,11,13,14,15,16,17,20,21,24,25,27,199,11,15,16,17,18,19,23,24,25,28,192,196,197,5,6,13,16,17,18,19,21,22,23,24,25,28,190,191,11,13,15,16,18,19,20,21,23,28,188,193,9,14,15,16,17,22,27,186,187,188,193,14,15,21,24,185,189,190,191,12,13,17,20,21,185,186,187,14,16,19,20,22,183,185,187,198,199,12,14,16,17,18,19,20,21,22,181,182,186,200,9,10,12,13,17,18,19,20,21,179,180,181,182,185,198,9,10,11,12,13,14,19,20,21,22,179,181,182,185,4,5,7,8,9,10,11,12,13,14,15,16,21,22,180,184,185,192,193,200,201,202,3,7,9,10,11,12,13,14,16,17,18,182,183,0,1,2,6,7,9,10,11,12,13,19,20,0,2,6,9,10,12,14,15,8,9,10,11,15,200,0,5,6,7,8,9,10,11,12,200,0,1,4,5,6,7,8,9,10,11,181,0,1,2,6,7,8,9,10,181,7,180,180,180,188,180,187,181,182,181,200,181,187,199,200,201,181,182,198,199,182,187,188,199,200,182,187,182},
    Y7 = {114,115,116,117,118,119,119,120,120,120,120,121,121,121,121,121,121,121,122,122,122,122,122,122,122,122,122,123,123,123,123,123,123,123,124,124,124,124,124,124,124,124,124,124,124,125,125,125,125,125,125,125,125,126,126,126,126,126,126,126,126,126,126,126,126,126,126,126,126,126,126,126,126,126,126,126,126,126,126,127,127,127,127,127,127,127,127,127,127,127,127,127,127,127,127,127,127,127,127,127,127,127,127,127,127,127,127,127,127,127,127,127,128,128,128,128,128,128,128,128,128,128,128,128,128,128,128,128,128,128,128,128,128,128,128,128,128,128,128,128,128,128,128,128,128,128,129,129,129,129,129,129,129,129,129,129,129,129,129,129,129,129,129,129,129,129,129,129,129,129,129,129,129,129,129,129,129,129,129,129,129,129,129,129,129,129,130,130,130,130,130,130,130,130,130,130,130,130,130,130,130,130,130,130,130,130,130,130,130,130,130,130,130,130,130,130,130,130,130,131,131,131,131,131,131,131,131,131,131,131,131,131,131,131,131,131,131,131,131,131,131,131,131,131,131,131,131,131,132,132,132,132,132,132,132,132,132,132,132,132,132,132,132,132,132,132,132,132,132,132,132,132,132,132,132,132,132,132,132,132,132,133,133,133,133,133,133,133,133,133,133,133,133,133,133,133,133,133,133,133,133,133,133,133,133,133,133,133,133,133,133,133,133,133,133,133,133,133,133,134,134,134,134,134,134,134,134,134,134,134,134,134,134,134,134,134,134,134,134,134,134,134,134,134,134,134,134,134,134,134,134,134,134,134,134,134,134,134,134,134,134,134,134,134,134,134,134,134,134,134,134,134,134,135,135,135,135,135,135,135,135,135,135,135,135,135,135,135,135,135,135,135,135,135,135,135,135,135,135,135,135,135,135,135,135,135,135,135,135,135,135,135,135,135,135,135,135,135,136,136,136,136,136,136,136,136,136,136,136,136,136,136,136,136,136,136,136,136,136,136,136,136,136,136,136,136,136,136,136,136,136,136,136,136,136,136,136,136,136,136,136,137,137,137,137,137,137,137,137,137,137,137,137,137,137,137,137,137,137,137,137,137,137,137,137,137,137,137,137,137,137,137,137,137,137,137,137,137,137,137,138,138,138,138,138,138,138,138,138,138,138,138,138,138,138,138,138,138,138,138,138,138,138,138,138,138,138,138,138,138,138,138,138,138,138,138,138,138,138,138,138,138,138,138,139,139,139,139,139,139,139,139,139,139,139,139,139,139,139,139,139,139,139,139,139,139,139,139,139,139,139,139,139,139,139,139,139,139,139,139,139,139,139,139,139,139,139,139,139,139,139,139,139,139,139,140,140,140,140,140,140,140,140,140,140,140,140,140,140,140,140,140,140,140,140,140,140,140,140,140,140,140,140,140,140,140,140,140,140,140,140,140,140,140,140,140,140,140,140,140,140,140,140,140,140,140,140,140,140,140,140,141,141,141,141,141,141,141,141,141,141,141,141,141,141,141,141,141,141,141,141,141,141,141,141,141,141,141,141,141,141,141,141,141,141,141,141,141,141,141,141,141,141,141,141,141,141,141,141,141,141,141,141,141,141,141,141,141,142,142,142,142,142,142,142,142,142,142,142,142,142,142,142,142,142,142,142,142,142,142,142,142,142,142,142,142,142,142,142,142,142,142,142,142,142,142,142,142,142,142,142,142,142,142,142,142,142,142,142,142,142,142,142,142,142,143,143,143,143,143,143,143,143,143,143,143,143,143,143,143,143,143,143,143,143,143,143,143,143,143,143,143,143,143,143,143,143,143,143,143,143,143,143,143,143,143,143,143,143,143,143,143,143,143,143,143,143,143,143,143,143,143,143,143,143,143,143,143,143,143,143,143,143,143,143,143,143,143,143,143,143,143,143,143,144,144,144,144,144,144,144,144,144,144,144,144,144,144,144,144,144,144,144,144,144,144,144,144,144,144,144,144,144,144,144,144,144,144,144,144,144,144,144,144,144,144,144,144,144,144,144,144,144,144,144,144,144,144,144,144,144,144,144,144,144,144,144,144,144,144,144,144,144,144,144,144,144,144,144,144,144,144,144,144,144,144,144,144,145,145,145,145,145,145,145,145,145,145,145,145,145,145,145,145,145,145,145,145,145,145,145,145,145,145,145,145,145,145,145,145,145,145,145,145,145,145,145,145,145,145,145,145,145,145,145,145,145,145,145,145,145,145,145,145,145,145,145,145,145,145,145,145,145,145,145,145,145,145,145,145,146,146,146,146,146,146,146,146,146,146,146,146,146,146,146,146,146,146,146,146,146,146,146,146,146,146,146,146,146,146,146,146,146,146,146,146,146,146,146,146,146,146,146,146,146,146,146,146,146,146,146,146,146,146,146,146,146,146,146,146,146,146,146,146,146,146,146,146,146,147,147,147,147,147,147,147,147,147,147,147,147,147,147,147,147,147,147,147,147,147,147,147,147,147,147,147,147,147,147,147,147,147,147,147,147,147,147,147,147,147,147,147,147,147,147,147,147,147,147,147,147,147,147,147,147,147,147,147,147,147,147,147,148,148,148,148,148,148,148,148,148,148,148,148,148,148,148,148,148,148,148,148,148,148,148,148,148,148,148,148,148,148,148,148,148,148,148,148,148,148,148,148,148,148,148,148,148,148,148,148,148,148,148,148,148,148,148,148,149,149,149,149,149,149,149,149,149,149,149,149,149,149,149,149,149,149,149,149,149,149,149,149,149,149,149,149,149,149,149,149,149,149,149,149,149,149,149,149,149,150,150,150,150,150,150,150,150,150,150,150,150,150,150,150,150,150,150,150,150,150,150,150,150,150,150,150,150,150,150,150,150,150,150,150,150,150,150,150,150,151,151,151,151,151,151,151,151,151,151,151,151,151,151,151,151,151,151,151,151,151,151,151,152,152,152,152,152,152,152,152,152,152,152,152,152,152,152,152,152,153,153,153,153,153,153,153,153,153,153,153,153,153,154,154,154,154,154,154,154,154,154,154,154,154,154,155,155,155,155,155,155,155,155,155,155,155,155,155,155,155,156,156,156,156,156,156,156,156,156,156,156,156,157,157,157,157,157,157,157,157,157,157,157,158,158,158,158,158,158,158,158,159,159,159,159,159,159,159,159,160,160,160,160,160,160,160,160,160,160,161,161,161,161,161,161,161,161,161,161,161,161,161,162,162,162,162,162,162,162,162,162,162,162,162,162,162,162,163,163,163,163,163,163,163,163,163,163,163,163,163,163,164,164,164,164,164,164,164,164,164,164,164,164,164,164,164,164,164,164,164,164,164,164,165,165,165,165,165,165,165,165,165,165,165,165,165,166,166,166,166,166,166,166,166,166,166,166,166,167,167,167,167,167,167,167,167,168,168,168,168,168,168,169,169,169,169,169,169,169,169,169,169,170,170,170,170,170,170,170,170,170,170,170,171,171,171,171,171,171,171,171,171,172,172,173,174,174,175,175,176,176,177,177,178,178,178,178,178,179,179,179,179,180,180,180,180,180,181,181,182},
    -- Color 8
    X8 = {285,283,287,282,285,287,277,278,280,281,282,283,285,286,287,276,277,279,280,281,282,285,286,287,272,274,275,277,278,279,280,281,282,285,286,287,271,272,273,274,275,278,279,280,281,282,283,284,285,286,287,266,267,268,269,270,271,272,273,274,275,276,277,279,280,281,282,283,284,285,286,287,70,71,72,73,74,263,264,265,268,269,270,272,273,274,276,277,278,279,280,281,283,284,285,286,287,69,71,72,73,74,77,78,262,263,264,265,268,269,270,271,272,273,274,275,276,278,279,280,282,283,284,285,286,287,67,68,69,71,75,76,77,78,79,80,258,259,260,262,263,264,265,266,268,269,270,271,272,273,274,275,276,278,279,280,281,282,283,284,285,286,66,67,68,72,73,74,75,76,78,79,80,257,258,260,261,262,263,264,265,266,267,268,269,270,271,272,273,274,275,276,278,279,280,281,282,285,67,68,69,72,73,74,75,76,77,96,98,99,243,244,245,247,248,250,253,254,257,258,259,260,261,262,263,264,265,266,267,268,269,270,271,272,273,274,275,276,277,279,280,281,282,283,284,285,60,61,67,71,72,73,74,75,76,77,86,96,97,98,99,100,101,103,242,245,246,247,248,249,250,251,253,254,255,256,257,258,259,260,261,262,263,264,265,266,267,268,269,270,271,272,273,274,275,276,277,279,280,281,282,283,285,286,55,56,58,59,60,61,85,86,87,89,96,98,99,100,101,102,103,235,236,237,242,243,244,245,246,247,248,249,252,253,254,255,256,258,259,260,261,263,264,265,267,268,269,270,271,272,273,274,275,276,281,282,283,284,285,286,54,55,56,57,58,59,85,86,87,89,90,97,98,99,100,101,103,105,110,111,112,232,233,236,237,238,242,243,244,245,246,247,248,249,250,251,252,253,254,255,256,258,259,260,261,262,263,264,265,266,267,269,270,271,272,273,274,275,276,281,282,283,284,285,286,49,50,51,53,54,55,56,57,58,85,86,87,88,89,97,98,99,100,101,102,103,104,105,112,113,114,226,227,228,229,230,231,232,239,240,241,242,243,244,245,246,248,249,250,251,252,253,254,255,256,257,258,259,260,262,263,264,266,267,268,269,270,271,272,273,274,275,276,277,281,282,283,285,286,50,51,53,54,55,84,85,86,87,88,90,91,98,99,100,101,102,103,104,105,112,113,114,115,116,118,223,224,227,230,231,232,233,235,240,241,242,243,244,245,249,252,254,255,256,258,259,260,262,263,264,265,266,267,268,269,270,271,272,273,274,275,276,280,281,282,283,285,286,287,48,51,55,84,85,88,89,90,91,99,100,101,102,103,104,113,114,115,116,117,118,221,223,224,225,226,227,228,229,230,231,232,233,234,235,236,237,238,239,240,241,252,253,254,255,256,257,258,259,260,261,262,263,264,265,266,267,268,269,270,271,273,274,275,276,277,280,281,282,283,284,285,286,46,47,85,86,87,88,89,91,92,94,100,101,102,103,104,114,115,117,118,119,223,225,226,227,228,229,230,234,235,236,237,239,242,252,253,254,255,257,258,259,263,264,265,266,267,268,270,271,272,273,274,275,276,277,280,282,284,45,46,47,48,85,86,87,88,89,90,91,93,94,116,117,118,119,207,209,210,211,212,213,214,215,222,223,226,227,228,229,236,237,256,257,258,259,260,261,262,263,264,265,266,267,268,269,270,271,272,273,274,277,278,279,45,46,47,48,86,89,90,91,92,94,117,205,208,209,211,212,213,214,221,222,223,224,225,226,227,249,250,252,253,254,255,256,258,259,260,261,262,263,264,265,266,267,268,269,271,272,273,274,277,278,88,89,90,91,92,94,95,120,201,202,203,209,210,211,213,214,215,218,219,220,221,225,249,251,252,253,254,255,257,258,259,260,261,262,263,264,265,266,267,268,269,270,276,277,278,285,89,90,91,92,95,96,129,199,200,201,202,203,204,209,210,211,212,213,214,215,219,220,249,251,252,253,254,255,257,258,259,260,261,262,263,264,265,266,268,269,270,271,272,275,276,278,44,90,91,93,94,95,96,97,196,197,199,200,201,202,203,204,205,209,210,211,212,213,214,215,220,221,249,250,252,253,254,255,256,259,260,261,262,263,264,265,266,267,268,271,273,274,275,278,279,287,23,91,92,93,94,95,96,97,98,99,198,199,200,201,202,204,205,208,209,210,211,212,214,220,253,254,255,256,257,258,259,260,261,262,263,264,265,267,268,269,270,271,272,274,276,277,278,279,282,283,284,286,287,92,95,96,97,98,99,100,101,102,192,193,195,196,197,198,199,200,201,202,203,204,205,206,207,208,210,211,212,213,255,256,257,258,259,260,261,262,263,264,265,266,267,269,270,271,275,276,277,282,284,285,286,287,25,38,42,96,97,98,99,100,101,102,104,185,186,188,192,193,194,195,196,197,198,199,202,203,204,205,206,207,208,209,210,211,212,213,252,253,254,255,256,257,259,260,262,263,264,265,266,267,268,269,274,275,276,284,285,286,287,37,96,97,99,100,101,102,104,174,183,185,186,187,188,193,194,196,197,202,203,205,206,207,209,210,211,212,213,252,255,256,268,274,275,276,277,280,281,282,283,284,285,286,287,1,3,4,37,99,100,101,102,103,104,166,167,168,173,174,179,182,185,186,187,188,201,202,203,204,205,207,208,209,210,211,212,213,271,272,273,276,277,278,279,280,281,282,283,284,285,286,287,3,30,98,99,100,101,102,103,104,164,165,166,167,168,173,174,175,176,177,182,185,188,203,205,206,207,210,211,212,213,214,271,282,285,22,23,24,99,100,101,103,159,160,162,164,165,166,182,186,187,188,200,201,202,205,207,210,24,100,101,102,103,160,161,182,188,189,199,201,202,203,208,155,160,188,189,201,202,26,157,183,184,185,189,190,197,198,200,201,202,184,198,199,200,201,16,195,198,199,198,199,194,196,197,198,193,194,195,192,193,194,195,190,191,192,189,190,191,192,186,187,186,197,198,199,199,200,201,180,199,200,201,182,182},
    Y8 = {115,116,116,117,117,117,118,118,118,118,118,118,118,118,118,119,119,119,119,119,119,119,119,119,120,120,120,120,120,120,120,120,120,120,120,120,121,121,121,121,121,121,121,121,121,121,121,121,121,121,121,122,122,122,122,122,122,122,122,122,122,122,122,122,122,122,122,122,122,122,122,122,123,123,123,123,123,123,123,123,123,123,123,123,123,123,123,123,123,123,123,123,123,123,123,123,123,124,124,124,124,124,124,124,124,124,124,124,124,124,124,124,124,124,124,124,124,124,124,124,124,124,124,124,124,124,125,125,125,125,125,125,125,125,125,125,125,125,125,125,125,125,125,125,125,125,125,125,125,125,125,125,125,125,125,125,125,125,125,125,125,125,126,126,126,126,126,126,126,126,126,126,126,126,126,126,126,126,126,126,126,126,126,126,126,126,126,126,126,126,126,126,126,126,126,126,126,126,127,127,127,127,127,127,127,127,127,127,127,127,127,127,127,127,127,127,127,127,127,127,127,127,127,127,127,127,127,127,127,127,127,127,127,127,127,127,127,127,127,127,127,127,127,127,127,127,128,128,128,128,128,128,128,128,128,128,128,128,128,128,128,128,128,128,128,128,128,128,128,128,128,128,128,128,128,128,128,128,128,128,128,128,128,128,128,128,128,128,128,128,128,128,128,128,128,128,128,128,128,128,128,128,128,128,129,129,129,129,129,129,129,129,129,129,129,129,129,129,129,129,129,129,129,129,129,129,129,129,129,129,129,129,129,129,129,129,129,129,129,129,129,129,129,129,129,129,129,129,129,129,129,129,129,129,129,129,129,129,129,129,130,130,130,130,130,130,130,130,130,130,130,130,130,130,130,130,130,130,130,130,130,130,130,130,130,130,130,130,130,130,130,130,130,130,130,130,130,130,130,130,130,130,130,130,130,130,130,130,130,130,130,130,130,130,130,130,130,130,130,130,130,130,130,130,130,131,131,131,131,131,131,131,131,131,131,131,131,131,131,131,131,131,131,131,131,131,131,131,131,131,131,131,131,131,131,131,131,131,131,131,131,131,131,131,131,131,131,131,131,131,131,131,131,131,131,131,131,131,131,131,131,131,131,131,131,131,131,131,131,131,131,131,131,131,131,131,131,131,131,132,132,132,132,132,132,132,132,132,132,132,132,132,132,132,132,132,132,132,132,132,132,132,132,132,132,132,132,132,132,132,132,132,132,132,132,132,132,132,132,132,132,132,132,132,132,132,132,132,132,132,132,132,132,132,132,132,132,132,132,132,132,132,132,132,132,132,132,132,132,133,133,133,133,133,133,133,133,133,133,133,133,133,133,133,133,133,133,133,133,133,133,133,133,133,133,133,133,133,133,133,133,133,133,133,133,133,133,133,133,133,133,133,133,133,133,133,133,133,133,133,133,133,133,133,133,133,133,133,133,133,133,133,133,133,133,133,133,133,133,133,133,133,134,134,134,134,134,134,134,134,134,134,134,134,134,134,134,134,134,134,134,134,134,134,134,134,134,134,134,134,134,134,134,134,134,134,134,134,134,134,134,134,134,134,134,134,134,134,134,134,134,134,134,134,134,134,134,134,134,135,135,135,135,135,135,135,135,135,135,135,135,135,135,135,135,135,135,135,135,135,135,135,135,135,135,135,135,135,135,135,135,135,135,135,135,135,135,135,135,135,135,135,135,135,135,135,135,135,135,135,135,135,135,135,136,136,136,136,136,136,136,136,136,136,136,136,136,136,136,136,136,136,136,136,136,136,136,136,136,136,136,136,136,136,136,136,136,136,136,136,136,136,136,136,136,136,136,136,136,136,136,136,136,136,137,137,137,137,137,137,137,137,137,137,137,137,137,137,137,137,137,137,137,137,137,137,137,137,137,137,137,137,137,137,137,137,137,137,137,137,137,137,137,137,137,137,137,137,137,137,138,138,138,138,138,138,138,138,138,138,138,138,138,138,138,138,138,138,138,138,138,138,138,138,138,138,138,138,138,138,138,138,138,138,138,138,138,138,138,138,138,138,138,138,138,138,139,139,139,139,139,139,139,139,139,139,139,139,139,139,139,139,139,139,139,139,139,139,139,139,139,139,139,139,139,139,139,139,139,139,139,139,139,139,139,139,139,139,139,139,139,139,139,139,139,139,140,140,140,140,140,140,140,140,140,140,140,140,140,140,140,140,140,140,140,140,140,140,140,140,140,140,140,140,140,140,140,140,140,140,140,140,140,140,140,140,140,140,140,140,140,140,140,140,140,140,140,140,140,141,141,141,141,141,141,141,141,141,141,141,141,141,141,141,141,141,141,141,141,141,141,141,141,141,141,141,141,141,141,141,141,141,141,141,141,141,141,141,141,141,141,141,141,141,141,141,141,141,141,141,141,141,142,142,142,142,142,142,142,142,142,142,142,142,142,142,142,142,142,142,142,142,142,142,142,142,142,142,142,142,142,142,142,142,142,142,142,142,142,142,142,142,142,142,142,142,142,142,142,142,142,142,142,142,142,142,142,142,142,143,143,143,143,143,143,143,143,143,143,143,143,143,143,143,143,143,143,143,143,143,143,143,143,143,143,143,143,143,143,143,143,143,143,143,143,143,143,143,143,143,143,143,143,144,144,144,144,144,144,144,144,144,144,144,144,144,144,144,144,144,144,144,144,144,144,144,144,144,144,144,144,144,144,144,144,144,144,144,144,144,144,144,144,144,144,144,144,144,144,144,144,145,145,145,145,145,145,145,145,145,145,145,145,145,145,145,145,145,145,145,145,145,145,145,145,145,145,145,145,145,145,145,145,145,145,146,146,146,146,146,146,146,146,146,146,146,146,146,146,146,146,146,146,146,146,146,146,146,147,147,147,147,147,147,147,147,147,147,147,147,147,147,147,148,148,148,148,148,148,149,149,149,149,149,149,149,149,149,149,149,149,150,150,150,150,150,151,151,151,151,152,152,153,153,153,153,154,154,154,155,155,155,155,156,156,156,157,157,157,157,158,158,160,161,161,161,162,162,162,163,163,163,163,177,178},
    -- Color 9
    X9 = {280,274,81,82,88,71,94,98,107,108,109,258,64,119,254,62,120,242,58,54,49,122,224,225,226,45,70,125,68,69,70,71,73,75,76,78,127,216,217,42,67,68,69,70,71,75,76,77,78,79,80,129,130,131,132,207,40,63,64,65,67,68,79,80,81,133,134,37,62,63,65,78,79,80,82,136,32,64,65,66,72,73,74,75,76,77,78,79,80,81,82,138,198,24,25,26,27,64,65,69,70,71,72,73,74,75,76,77,78,79,80,81,82,83,106,107,139,15,61,62,63,64,68,69,70,71,72,73,74,75,76,79,80,81,106,107,108,109,110,115,139,10,62,63,64,67,68,69,70,71,72,73,78,79,81,82,83,108,113,116,123,125,140,192,6,61,66,68,69,70,71,76,77,78,81,84,107,108,110,111,120,121,127,141,184,3,60,61,64,65,68,69,70,71,73,74,75,107,108,131,132,133,142,169,178,59,60,61,62,63,64,66,67,68,69,70,71,72,73,74,76,77,108,131,132,133,222,223,57,58,59,60,61,62,63,64,65,66,67,68,69,70,71,72,73,74,75,76,86,108,131,132,133,134,135,143,220,221,222,223,57,58,59,60,61,62,63,64,65,67,68,70,71,72,73,109,131,136,144,159,219,220,222,223,224,56,57,58,59,60,61,62,63,64,65,66,71,73,219,220,221,222,223,224,225,226,56,57,58,59,60,61,63,64,65,89,111,194,195,196,219,220,221,222,225,226,55,56,57,58,59,60,61,62,63,64,65,132,170,171,172,177,193,194,219,220,221,224,225,55,56,57,58,59,60,61,62,63,64,118,126,127,131,132,134,141,146,164,167,168,169,171,174,175,176,177,178,179,193,194,218,219,220,223,224,225,226,227,228,235,54,55,56,57,58,59,60,61,62,63,98,99,115,126,132,134,142,147,162,163,182,218,219,220,221,222,223,224,225,226,227,230,233,235,236,237,238,239,240,241,52,55,56,57,58,60,61,101,132,133,135,136,147,157,158,183,216,217,218,219,220,221,222,223,225,227,228,229,230,231,232,233,234,235,236,237,238,239,240,241,50,52,53,54,55,56,57,58,59,60,104,119,132,133,134,135,148,188,216,217,218,219,220,221,222,223,225,229,230,231,232,233,234,235,236,237,238,239,240,51,52,53,54,55,56,57,58,59,106,133,134,135,186,188,189,191,204,205,214,215,216,217,218,219,220,221,222,223,224,228,229,230,233,234,235,236,237,238,239,262,266,267,269,270,46,47,49,50,51,52,53,54,55,56,121,134,189,203,204,205,206,210,212,213,214,215,216,217,218,219,220,221,222,223,224,227,228,235,236,237,238,260,261,262,266,267,46,47,48,49,50,51,52,53,64,122,134,201,202,203,204,205,206,207,208,209,211,212,213,214,215,216,217,218,219,220,221,222,223,225,226,227,228,239,240,265,267,271,272,287,43,44,45,46,47,48,49,50,51,53,64,123,134,135,184,200,201,202,203,204,205,211,213,214,215,216,217,218,220,221,222,223,224,225,226,227,243,244,262,263,264,270,281,282,283,284,285,286,43,45,46,47,48,50,51,120,121,123,134,135,136,137,196,200,201,202,203,204,205,206,207,209,211,212,213,214,215,216,217,218,219,220,221,222,223,224,225,226,248,249,261,262,263,264,266,267,268,269,270,271,272,273,274,275,276,277,278,279,280,281,282,283,284,287,39,40,41,43,44,45,46,48,49,51,119,124,135,136,137,182,195,196,197,198,199,200,201,202,203,204,205,206,209,210,211,212,213,214,215,216,217,218,219,220,221,222,223,224,287,39,40,41,42,43,45,47,48,49,50,116,124,136,137,194,195,196,197,198,202,203,204,205,206,209,219,220,222,223,35,39,40,41,42,43,44,45,46,47,48,49,59,115,116,117,118,132,136,137,192,193,194,195,203,205,206,208,214,217,218,219,220,221,222,36,37,38,39,40,41,42,43,44,45,47,115,119,120,132,137,138,177,191,192,193,195,204,209,211,212,213,214,215,216,217,218,219,220,36,37,38,39,40,41,42,43,44,46,47,121,137,138,191,195,205,212,213,214,215,216,217,218,219,35,36,37,38,39,40,41,42,43,45,48,49,50,115,118,122,123,138,139,190,195,196,197,215,216,217,218,35,36,37,38,40,41,42,43,46,48,49,50,116,195,197,207,216,33,34,35,36,37,38,40,41,42,43,44,45,46,47,48,188,189,195,196,199,208,34,35,36,37,38,39,40,41,42,43,44,49,185,186,188,195,196,199,202,209,210,213,35,36,37,38,39,182,183,184,185,186,194,195,204,206,207,208,32,33,34,35,36,37,38,184,185,186,193,194,195,203,33,34,35,36,39,41,185,186,190,191,192,193,194,203,31,32,33,34,35,36,39,40,42,185,186,191,192,193,197,203,30,31,32,33,34,35,37,40,185,186,192,193,202,203,31,32,33,38,185,186,192,199,200,201,202,31,32,34,38,179,184,185,186,192,199,200,201,202,27,28,29,30,31,32,34,36,37,183,184,185,192,199,200,201,202,26,27,28,29,30,31,33,34,36,183,184,185,202,24,25,26,28,29,30,31,32,35,179,184,185,189,190,191,202,23,24,25,26,27,28,29,30,184,185,190,16,17,18,19,20,21,22,23,24,25,26,27,28,29,185,11,13,14,15,16,17,18,19,20,21,22,23,25,26,27,28,31,180,185,5,8,9,10,11,12,13,14,15,16,17,18,19,20,21,22,23,24,25,29,30,185,190,202,2,3,4,5,6,7,8,9,10,11,12,13,14,15,16,17,18,19,21,22,23,24,25,26,185,190,198,2,3,4,5,6,7,8,9,11,12,15,16,17,18,19,20,21,22,23,24,25,26,0,1,2,3,4,5,8,10,17,18,19,20,21,22,23,181,0,1,2,3,4,5,7,10,11,12,13,14,15,16,17,19,20,21,7,11,12,13,14,15,16,17,18,11,15,16},
    Y9 = {116,118,119,119,120,121,121,122,124,124,124,124,125,125,125,126,126,126,127,128,130,130,130,130,130,132,132,132,133,133,133,133,133,133,133,133,133,133,133,134,134,134,134,134,134,134,134,134,134,134,134,134,134,134,134,134,135,135,135,135,135,135,135,135,135,135,135,136,136,136,136,136,136,136,136,136,137,137,137,137,137,137,137,137,137,137,137,137,137,137,137,137,137,138,138,138,138,138,138,138,138,138,138,138,138,138,138,138,138,138,138,138,138,138,138,138,138,139,139,139,139,139,139,139,139,139,139,139,139,139,139,139,139,139,139,139,139,139,139,139,139,140,140,140,140,140,140,140,140,140,140,140,140,140,140,140,140,140,140,140,140,140,140,140,141,141,141,141,141,141,141,141,141,141,141,141,141,141,141,141,141,141,141,141,141,142,142,142,142,142,142,142,142,142,142,142,142,142,142,142,142,142,142,142,142,143,143,143,143,143,143,143,143,143,143,143,143,143,143,143,143,143,143,143,143,143,143,143,144,144,144,144,144,144,144,144,144,144,144,144,144,144,144,144,144,144,144,144,144,144,144,144,144,144,144,144,144,144,144,144,145,145,145,145,145,145,145,145,145,145,145,145,145,145,145,145,145,145,145,145,145,145,145,145,145,146,146,146,146,146,146,146,146,146,146,146,146,146,146,146,146,146,146,146,146,146,147,147,147,147,147,147,147,147,147,147,147,147,147,147,147,147,147,147,147,147,148,148,148,148,148,148,148,148,148,148,148,148,148,148,148,148,148,148,148,148,148,148,148,149,149,149,149,149,149,149,149,149,149,149,149,149,149,149,149,149,149,149,149,149,149,149,149,149,149,149,149,149,149,149,149,149,149,149,149,149,149,149,149,149,150,150,150,150,150,150,150,150,150,150,150,150,150,150,150,150,150,150,150,150,150,150,150,150,150,150,150,150,150,150,150,150,150,150,150,150,150,150,150,150,151,151,151,151,151,151,151,151,151,151,151,151,151,151,151,151,151,151,151,151,151,151,151,151,151,151,151,151,151,151,151,151,151,151,151,151,151,151,151,151,152,152,152,152,152,152,152,152,152,152,152,152,152,152,152,152,152,152,152,152,152,152,152,152,152,152,152,152,152,152,152,152,152,152,152,152,152,152,152,153,153,153,153,153,153,153,153,153,153,153,153,153,153,153,153,153,153,153,153,153,153,153,153,153,153,153,153,153,153,153,153,153,153,153,153,153,153,153,153,153,153,153,153,153,154,154,154,154,154,154,154,154,154,154,154,154,154,154,154,154,154,154,154,154,154,154,154,154,154,154,154,154,154,154,154,154,154,154,154,154,154,154,154,154,154,154,155,155,155,155,155,155,155,155,155,155,155,155,155,155,155,155,155,155,155,155,155,155,155,155,155,155,155,155,155,155,155,155,155,155,155,155,155,155,155,155,155,155,155,155,156,156,156,156,156,156,156,156,156,156,156,156,156,156,156,156,156,156,156,156,156,156,156,156,156,156,156,156,156,156,156,156,156,156,156,156,156,156,156,156,156,156,156,156,156,156,156,156,157,157,157,157,157,157,157,157,157,157,157,157,157,157,157,157,157,157,157,157,157,157,157,157,157,157,157,157,157,157,157,157,157,157,157,157,157,157,157,157,157,157,157,157,157,157,157,157,157,157,157,157,157,157,157,157,157,157,157,157,157,157,157,157,157,157,158,158,158,158,158,158,158,158,158,158,158,158,158,158,158,158,158,158,158,158,158,158,158,158,158,158,158,158,158,158,158,158,158,158,158,158,158,158,158,158,158,158,158,158,158,159,159,159,159,159,159,159,159,159,159,159,159,159,159,159,159,159,159,159,159,159,159,159,159,159,159,159,159,159,160,160,160,160,160,160,160,160,160,160,160,160,160,160,160,160,160,160,160,160,160,160,160,160,160,160,160,160,160,160,160,160,160,160,160,161,161,161,161,161,161,161,161,161,161,161,161,161,161,161,161,161,161,161,161,161,161,161,161,161,161,161,161,161,161,161,161,161,161,162,162,162,162,162,162,162,162,162,162,162,162,162,162,162,162,162,162,162,162,162,162,162,162,162,163,163,163,163,163,163,163,163,163,163,163,163,163,163,163,163,163,163,163,163,163,163,163,163,163,163,163,164,164,164,164,164,164,164,164,164,164,164,164,164,164,164,164,164,165,165,165,165,165,165,165,165,165,165,165,165,165,165,165,165,165,165,165,165,165,166,166,166,166,166,166,166,166,166,166,166,166,166,166,166,166,166,166,166,166,166,166,167,167,167,167,167,167,167,167,167,167,167,167,167,167,167,167,168,168,168,168,168,168,168,168,168,168,168,168,168,168,169,169,169,169,169,169,169,169,169,169,169,169,169,169,170,170,170,170,170,170,170,170,170,170,170,170,170,170,170,170,171,171,171,171,171,171,171,171,171,171,171,171,171,171,172,172,172,172,172,172,172,172,172,172,172,173,173,173,173,173,173,173,173,173,173,173,173,173,174,174,174,174,174,174,174,174,174,174,174,174,174,174,174,174,174,175,175,175,175,175,175,175,175,175,175,175,175,175,176,176,176,176,176,176,176,176,176,176,176,176,176,176,176,176,177,177,177,177,177,177,177,177,177,177,177,178,178,178,178,178,178,178,178,178,178,178,178,178,178,178,179,179,179,179,179,179,179,179,179,179,179,179,179,179,179,179,179,179,179,180,180,180,180,180,180,180,180,180,180,180,180,180,180,180,180,180,180,180,180,180,180,180,180,181,181,181,181,181,181,181,181,181,181,181,181,181,181,181,181,181,181,181,181,181,181,181,181,181,181,181,182,182,182,182,182,182,182,182,182,182,182,182,182,182,182,182,182,182,182,182,182,182,183,183,183,183,183,183,183,183,183,183,183,183,183,183,183,183,184,184,184,184,184,184,184,184,184,184,184,184,184,184,184,184,184,184,185,185,185,185,185,185,185,185,185,186,186,186},
    -- Color 10
    X10 = {286,280,276,273,76,78,79,80,82,269,73,75,76,77,78,81,82,83,84,85,86,87,89,90,70,78,79,80,81,82,83,84,85,86,87,89,90,91,92,93,94,264,68,69,79,80,81,82,83,84,85,88,89,90,92,93,94,95,96,81,82,83,85,88,89,90,91,92,96,97,99,100,260,65,81,82,83,84,85,86,87,88,90,91,92,93,98,99,100,101,102,257,64,82,85,86,87,88,90,91,92,102,103,104,105,106,115,116,245,246,249,250,251,63,87,88,89,90,92,106,108,109,240,57,82,89,90,92,110,111,112,113,114,278,53,66,68,69,70,78,79,82,111,112,114,115,116,117,118,119,278,279,64,65,70,71,72,73,74,75,76,77,78,116,117,118,119,120,279,61,62,63,64,81,93,96,118,119,58,59,60,61,81,96,107,45,57,58,59,60,82,107,108,120,219,44,56,57,59,83,106,107,108,110,111,112,121,122,210,42,55,56,83,97,99,100,105,106,108,109,110,111,112,113,114,123,124,232,233,241,243,244,245,40,53,54,97,98,99,100,103,104,113,114,127,128,129,204,229,230,233,234,239,240,241,242,244,245,36,38,47,48,49,50,51,52,53,84,99,100,101,102,113,114,115,117,123,124,132,227,228,236,237,244,245,32,40,47,48,49,50,51,53,54,99,100,102,113,114,117,122,124,134,224,225,243,244,245,19,20,28,30,31,37,38,46,47,49,50,51,52,53,54,85,86,87,101,102,112,117,121,122,125,134,136,224,225,226,243,244,13,15,37,46,49,50,52,85,86,87,88,89,101,103,127,135,136,137,216,217,218,223,244,245,246,9,13,20,46,47,48,50,52,87,88,89,90,104,130,131,133,134,135,136,137,189,190,215,217,244,245,246,9,17,20,27,46,47,48,49,50,88,89,91,105,135,136,137,138,216,243,244,245,246,249,250,272,2,13,17,19,22,29,31,32,39,45,46,47,48,49,50,88,89,90,91,93,94,95,106,138,139,140,167,172,182,214,215,216,243,244,245,246,247,7,39,46,47,48,49,50,87,88,89,90,92,93,94,96,138,141,165,197,198,199,215,236,237,238,239,240,241,242,243,245,247,248,261,262,263,264,265,266,268,270,18,25,39,43,44,45,46,47,48,88,89,90,91,94,97,106,139,140,141,142,163,170,172,191,192,193,194,195,196,199,215,235,236,237,239,242,244,245,246,247,248,249,250,253,257,258,259,261,264,7,18,19,42,43,45,46,47,89,90,91,95,106,141,142,143,169,173,176,177,178,179,180,190,215,251,253,254,255,256,263,264,269,270,271,273,274,275,6,8,19,31,42,43,44,45,46,47,48,98,105,156,163,166,181,212,215,276,277,280,283,286,0,2,3,4,7,8,9,22,44,45,46,103,104,105,106,108,109,161,187,205,214,277,278,280,281,282,283,284,286,287,0,1,2,3,4,6,7,13,15,18,19,29,35,36,41,42,43,99,100,101,102,104,105,106,107,154,159,160,191,203,205,206,213,278,279,280,281,0,2,6,7,14,18,20,24,25,29,35,36,37,38,39,41,42,43,102,103,106,110,112,195,203,206,207,212,1,2,3,4,5,6,7,8,11,18,20,22,23,24,26,27,36,37,38,39,42,105,106,108,109,110,111,112,113,114,202,207,210,211,212,0,1,2,3,4,5,6,7,8,9,11,17,18,19,20,21,22,23,24,25,32,33,34,35,36,37,38,41,42,108,112,113,201,202,207,208,209,0,1,2,3,4,5,6,7,8,9,12,18,19,22,23,26,28,29,30,31,32,33,35,36,37,38,109,110,111,112,113,193,200,0,1,2,3,4,5,6,8,9,10,12,13,14,20,21,22,26,27,29,30,31,32,36,38,113,114,115,198,199,0,1,2,3,4,7,8,9,10,11,12,14,15,20,26,27,29,30,31,114,115,189,196,1,2,3,4,5,6,7,8,9,10,12,14,17,22,24,25,26,27,29,30,114,115,116,194,195,0,1,4,5,6,7,8,10,11,12,13,18,19,20,21,23,24,25,26,28,29,115,116,185,194,1,2,3,4,5,8,9,10,11,12,13,16,17,18,19,20,22,23,25,26,27,188,192,3,5,6,7,8,9,10,11,14,15,16,18,19,22,23,24,25,26,27,183,184,188,191,5,6,7,8,9,10,11,12,13,15,17,18,21,23,24,25,26,182,184,188,200,6,7,8,9,10,11,13,15,23,24,25,179,180,183,184,185,187,201,3,4,5,6,7,8,11,14,15,16,22,23,24,178,183,184,186,202,207,2,3,4,5,6,7,8,15,16,17,18,23,24,25,183,184,186,193,202,203,208,210,211,0,1,2,3,6,17,18,19,20,23,24,178,179,181,182,183,186,199,203,204,210,211,0,1,2,4,5,6,8,15,19,20,21,22,23,24,180,181,184,191,192,193,203,206,211,3,4,5,8,14,15,16,17,18,21,22,23,24,180,181,190,191,192,1,3,4,5,7,8,11,13,16,17,18,19,20,21,22,23,24,189,190,191,200,201,0,1,2,3,4,5,6,7,12,13,14,16,18,19,23,24,181,188,199,201,1,2,3,4,13,14,15,18,20,181,182,198,199,2,3,12,13,14,15,17,18,182,188,199,200,3,4,5,11,12,13,14,15,189,0,1,2,3,4,5,6,8,9,10,11,12,13,181,188,189,0,1,2,3,4,5,6,7,8,9,10,11,12,181,188,189,0,1,2,3,4,5,6,7,8,9,10,187,189,0,1,3,4,5,181,180,186,200,187,198,199,201,183,188,198,183,187,188,200,201,181,183,198,201,183,188,200,183,187,188},
    Y10 = {114,117,118,119,120,120,120,120,120,120,121,121,121,121,121,121,121,121,121,121,121,121,121,121,122,122,122,122,122,122,122,122,122,122,122,122,122,122,122,122,122,122,123,123,123,123,123,123,123,123,123,123,123,123,123,123,123,123,123,124,124,124,124,124,124,124,124,124,124,124,124,124,124,125,125,125,125,125,125,125,125,125,125,125,125,125,125,125,125,125,125,125,126,126,126,126,126,126,126,126,126,126,126,126,126,126,126,126,126,126,126,126,126,127,127,127,127,127,127,127,127,127,127,128,128,128,128,128,128,128,128,128,128,128,129,129,129,129,129,129,129,129,129,129,129,129,129,129,129,129,129,129,130,130,130,130,130,130,130,130,130,130,130,130,130,130,130,130,130,131,131,131,131,131,131,131,131,131,132,132,132,132,132,132,132,133,133,133,133,133,133,133,133,133,133,134,134,134,134,134,134,134,134,134,134,134,134,134,134,135,135,135,135,135,135,135,135,135,135,135,135,135,135,135,135,135,135,135,135,135,135,135,135,136,136,136,136,136,136,136,136,136,136,136,136,136,136,136,136,136,136,136,136,136,136,136,136,136,137,137,137,137,137,137,137,137,137,137,137,137,137,137,137,137,137,137,137,137,137,137,137,137,137,137,137,138,138,138,138,138,138,138,138,138,138,138,138,138,138,138,138,138,138,138,138,138,138,138,139,139,139,139,139,139,139,139,139,139,139,139,139,139,139,139,139,139,139,139,139,139,139,139,139,139,139,139,139,139,139,139,140,140,140,140,140,140,140,140,140,140,140,140,140,140,140,140,140,140,140,140,140,140,140,140,140,141,141,141,141,141,141,141,141,141,141,141,141,141,141,141,141,141,141,141,141,141,141,141,141,141,141,141,142,142,142,142,142,142,142,142,142,142,142,142,142,142,142,142,142,142,142,142,142,142,142,142,142,143,143,143,143,143,143,143,143,143,143,143,143,143,143,143,143,143,143,143,143,143,143,143,143,143,143,143,143,143,143,143,143,143,143,143,143,143,144,144,144,144,144,144,144,144,144,144,144,144,144,144,144,144,144,144,144,144,144,144,144,144,144,144,144,144,144,144,144,144,144,144,144,144,144,144,144,144,144,145,145,145,145,145,145,145,145,145,145,145,145,145,145,145,145,145,145,145,145,145,145,145,145,145,145,145,145,145,145,145,145,145,145,145,145,145,145,145,145,145,145,145,145,145,145,145,145,145,146,146,146,146,146,146,146,146,146,146,146,146,146,146,146,146,146,146,146,146,146,146,146,146,146,146,146,146,146,146,146,146,146,146,146,146,146,146,147,147,147,147,147,147,147,147,147,147,147,147,147,147,147,147,147,147,147,147,147,147,147,147,148,148,148,148,148,148,148,148,148,148,148,148,148,148,148,148,148,148,148,148,148,148,148,148,148,148,148,148,148,148,149,149,149,149,149,149,149,149,149,149,149,149,149,149,149,149,149,149,149,149,149,149,149,149,149,149,149,149,149,149,149,149,149,149,149,149,149,150,150,150,150,150,150,150,150,150,150,150,150,150,150,150,150,150,150,150,150,150,150,150,150,150,150,150,150,151,151,151,151,151,151,151,151,151,151,151,151,151,151,151,151,151,151,151,151,151,151,151,151,151,151,151,151,151,151,151,151,151,151,151,152,152,152,152,152,152,152,152,152,152,152,152,152,152,152,152,152,152,152,152,152,152,152,152,152,152,152,152,152,152,152,152,152,152,152,152,152,153,153,153,153,153,153,153,153,153,153,153,153,153,153,153,153,153,153,153,153,153,153,153,153,153,153,153,153,153,153,153,153,153,154,154,154,154,154,154,154,154,154,154,154,154,154,154,154,154,154,154,154,154,154,154,154,154,154,154,154,154,154,155,155,155,155,155,155,155,155,155,155,155,155,155,155,155,155,155,155,155,155,155,155,155,156,156,156,156,156,156,156,156,156,156,156,156,156,156,156,156,156,156,156,156,156,156,156,156,156,157,157,157,157,157,157,157,157,157,157,157,157,157,157,157,157,157,157,157,157,157,157,157,157,157,158,158,158,158,158,158,158,158,158,158,158,158,158,158,158,158,158,158,158,158,158,158,158,159,159,159,159,159,159,159,159,159,159,159,159,159,159,159,159,159,159,159,159,159,159,159,160,160,160,160,160,160,160,160,160,160,160,160,160,160,160,160,160,160,160,160,160,161,161,161,161,161,161,161,161,161,161,161,161,161,161,161,161,161,161,162,162,162,162,162,162,162,162,162,162,162,162,162,162,162,162,162,162,162,163,163,163,163,163,163,163,163,163,163,163,163,163,163,163,163,163,163,163,163,163,163,163,164,164,164,164,164,164,164,164,164,164,164,164,164,164,164,164,164,164,164,164,164,164,165,165,165,165,165,165,165,165,165,165,165,165,165,165,165,165,165,165,165,165,165,165,165,166,166,166,166,166,166,166,166,166,166,166,166,166,166,166,166,166,166,167,167,167,167,167,167,167,167,167,167,167,167,167,167,167,167,167,167,167,167,167,167,168,168,168,168,168,168,168,168,168,168,168,168,168,168,168,168,168,168,168,168,169,169,169,169,169,169,169,169,169,169,169,169,169,170,170,170,170,170,170,170,170,170,170,170,170,171,171,171,171,171,171,171,171,171,172,172,172,172,172,172,172,172,172,172,172,172,172,172,172,172,173,173,173,173,173,173,173,173,173,173,173,173,173,173,173,173,174,174,174,174,174,174,174,174,174,174,174,174,174,175,175,175,175,175,175,176,176,176,177,177,177,177,178,178,178,179,179,179,179,179,180,180,180,180,181,181,181,182,182,182},
    -- Color 11
    X11 = {285,277,76,80,271,87,268,93,265,69,97,67,100,101,102,261,106,255,243,59,238,121,235,121,232,227,228,47,123,222,67,68,69,71,72,73,74,75,76,77,124,220,66,67,72,74,77,79,80,63,64,65,66,72,73,74,81,208,61,62,66,69,70,71,72,73,74,75,76,77,78,131,132,205,38,61,64,66,67,68,69,70,71,72,73,74,75,76,77,133,134,135,201,33,60,61,62,63,67,68,69,70,71,83,106,107,108,109,110,111,136,137,20,23,28,58,60,61,62,63,66,67,68,105,108,109,110,111,138,60,65,66,67,77,78,105,114,138,58,59,60,61,65,66,74,75,76,77,106,109,117,118,122,139,7,58,59,60,62,63,64,65,72,73,74,75,106,109,128,57,58,59,62,63,72,141,170,176,177,222,223,236,0,57,58,107,142,166,219,220,221,224,55,56,218,219,224,55,56,66,87,108,218,225,226,227,228,53,54,55,88,109,110,171,197,218,227,53,54,55,110,139,145,170,171,172,192,193,218,232,233,234,235,236,237,238,239,52,53,54,91,112,140,141,168,169,173,174,175,176,178,179,180,192,195,217,218,226,227,228,229,230,231,232,233,234,235,236,266,52,53,54,93,96,98,113,142,162,163,165,166,180,181,192,195,217,229,230,231,232,233,234,236,237,238,239,240,265,266,269,270,50,51,52,53,100,146,154,160,161,188,193,194,216,217,228,229,231,232,234,242,243,264,265,266,268,269,270,271,49,50,51,53,54,102,116,117,143,187,188,189,214,215,242,244,261,262,263,264,265,266,268,269,270,271,272,284,47,48,49,51,185,186,187,189,190,191,192,204,205,206,214,215,241,242,244,248,249,250,257,258,259,260,261,262,263,264,265,266,267,268,269,270,271,272,274,276,280,284,45,46,47,48,49,50,107,120,145,148,187,190,192,203,206,210,211,212,213,240,241,249,253,254,255,256,257,258,259,260,261,263,264,265,268,271,272,273,274,275,279,280,281,282,285,286,44,45,48,109,186,188,190,202,207,209,211,239,240,241,248,249,250,253,254,255,256,257,258,259,263,264,265,268,269,270,271,272,273,274,275,276,277,278,279,280,281,282,284,285,286,287,43,44,45,121,185,186,187,188,200,241,242,249,250,251,253,254,255,256,257,258,259,260,261,262,263,264,266,268,269,270,273,274,275,276,277,278,279,280,281,282,283,284,285,286,38,40,41,42,112,119,120,122,185,198,199,245,246,247,248,249,250,251,252,253,254,255,256,257,258,259,260,261,265,266,267,268,269,271,272,273,274,275,276,277,278,279,280,287,37,38,39,40,41,42,44,113,119,122,184,197,198,199,250,251,252,253,254,255,256,257,258,259,260,265,285,286,36,37,38,42,118,120,122,123,194,35,36,37,38,118,181,192,193,199,32,34,36,37,38,120,124,179,191,196,32,33,34,35,116,117,118,124,189,190,205,208,32,33,34,35,115,116,117,118,124,136,189,190,193,194,196,211,32,33,34,116,189,192,206,214,30,33,34,117,188,189,198,206,215,32,187,209,214,31,32,33,194,198,200,201,203,208,29,30,31,32,33,34,180,202,205,29,30,31,187,192,28,29,30,31,32,184,189,30,184,202,29,184,191,197,201,28,29,30,183,184,191,197,198,25,26,27,28,29,30,183,191,197,198,24,25,26,179,182,186,190,191,198,15,18,22,23,24,25,179,182,190,191,198,199,200,201,9,10,11,14,17,18,19,20,21,22,23,183,188,5,6,7,8,9,10,11,12,13,14,15,16,17,18,19,20,21,22,189,202,4,5,6,7,8,9,10,11,12,13,14,15,180,184,190,4,5,6,7,8,9,10,12,184,190,197,2,3,4,6,7,184,1,184,201,0,1,185,189,184,187,188},
    Y11 = {114,117,119,119,119,120,120,121,121,122,122,123,123,123,123,123,124,125,126,127,127,128,128,129,129,130,130,131,131,131,132,132,132,132,132,132,132,132,132,132,132,132,133,133,133,133,133,133,133,134,134,134,134,134,134,134,134,134,135,135,135,135,135,135,135,135,135,135,135,135,135,135,135,135,136,136,136,136,136,136,136,136,136,136,136,136,136,136,136,136,136,136,136,137,137,137,137,137,137,137,137,137,137,137,137,137,137,137,137,137,137,137,138,138,138,138,138,138,138,138,138,138,138,138,138,138,138,138,138,139,139,139,139,139,139,139,139,139,140,140,140,140,140,140,140,140,140,140,140,140,140,140,140,140,141,141,141,141,141,141,141,141,141,141,141,141,141,141,141,142,142,142,142,142,142,142,142,142,142,142,142,142,143,143,143,143,143,143,143,143,143,143,144,144,144,144,144,145,145,145,145,145,145,145,145,145,145,146,146,146,146,146,146,146,146,146,146,147,147,147,147,147,147,147,147,147,147,147,147,147,147,147,147,147,147,147,147,148,148,148,148,148,148,148,148,148,148,148,148,148,148,148,148,148,148,148,148,148,148,148,148,148,148,148,148,148,148,148,148,149,149,149,149,149,149,149,149,149,149,149,149,149,149,149,149,149,149,149,149,149,149,149,149,149,149,149,149,149,149,149,149,150,150,150,150,150,150,150,150,150,150,150,150,150,150,150,150,150,150,150,150,150,150,150,150,150,150,150,150,151,151,151,151,151,151,151,151,151,151,151,151,151,151,151,151,151,151,151,151,151,151,151,151,151,151,151,151,152,152,152,152,152,152,152,152,152,152,152,152,152,152,152,152,152,152,152,152,152,152,152,152,152,152,152,152,152,152,152,152,152,152,152,152,152,152,152,152,152,152,153,153,153,153,153,153,153,153,153,153,153,153,153,153,153,153,153,153,153,153,153,153,153,153,153,153,153,153,153,153,153,153,153,153,153,153,153,153,153,153,153,153,153,153,153,153,154,154,154,154,154,154,154,154,154,154,154,154,154,154,154,154,154,154,154,154,154,154,154,154,154,154,154,154,154,154,154,154,154,154,154,154,154,154,154,154,154,154,154,154,154,154,155,155,155,155,155,155,155,155,155,155,155,155,155,155,155,155,155,155,155,155,155,155,155,155,155,155,155,155,155,155,155,155,155,155,155,155,155,155,155,155,155,155,155,155,156,156,156,156,156,156,156,156,156,156,156,156,156,156,156,156,156,156,156,156,156,156,156,156,156,156,156,156,156,156,156,156,156,156,156,156,156,156,156,156,156,156,156,156,157,157,157,157,157,157,157,157,157,157,157,157,157,157,157,157,157,157,157,157,157,157,157,157,157,157,157,157,158,158,158,158,158,158,158,158,158,159,159,159,159,159,159,159,159,159,160,160,160,160,160,160,160,160,160,160,161,161,161,161,161,161,161,161,161,161,161,161,162,162,162,162,162,162,162,162,162,162,162,162,162,162,162,162,163,163,163,163,163,163,163,163,164,164,164,164,164,164,164,164,164,165,165,165,165,166,166,166,166,166,166,166,166,166,167,167,167,167,167,167,167,167,167,168,168,168,168,168,169,169,169,169,169,169,169,170,170,170,171,171,171,171,171,172,172,172,172,172,172,172,172,173,173,173,173,173,173,173,173,173,173,174,174,174,174,174,174,174,174,174,175,175,175,175,175,175,175,175,175,175,175,175,175,175,176,176,176,176,176,176,176,176,176,176,176,176,176,177,177,177,177,177,177,177,177,177,177,177,177,177,177,177,177,177,177,177,177,178,178,178,178,178,178,178,178,178,178,178,178,178,178,178,179,179,179,179,179,179,179,179,179,179,179,180,180,180,180,180,180,181,181,181,182,182,182,182,183,183,183},
    -- Color 12
    X12 = {287,282,75,83,270,73,89,267,264,68,262,103,65,110,247,57,121,237,234,51,122,231,123,124,126,43,128,129,130,213,214,215,133,135,36,81,137,200,139,18,19,196,14,82,83,140,194,80,107,114,115,124,141,67,79,80,82,83,112,114,115,116,117,118,119,122,123,124,126,142,66,67,76,77,78,79,109,110,112,113,114,115,116,117,118,120,121,122,126,127,128,129,130,168,179,182,65,75,78,85,109,114,117,118,119,122,126,127,128,129,130,134,143,165,115,116,117,118,119,120,121,122,123,126,127,128,129,130,144,163,69,74,75,110,117,118,119,120,123,124,127,128,129,130,132,133,134,135,221,67,68,69,70,72,74,111,117,118,119,120,121,126,127,128,129,130,131,132,133,134,135,136,137,145,157,62,66,67,68,69,70,71,72,73,112,117,118,119,120,121,122,123,124,125,127,131,132,133,134,135,136,137,146,223,224,66,67,68,69,70,71,72,90,113,117,118,119,120,121,125,126,127,128,129,130,131,133,134,135,136,138,139,146,222,223,65,66,67,68,69,70,71,92,116,117,119,120,121,125,128,133,135,136,147,170,172,173,221,222,64,65,66,67,68,69,70,96,97,116,117,118,119,120,121,125,127,128,129,131,133,135,136,137,164,165,177,178,179,180,181,59,62,63,64,65,66,67,68,69,100,118,119,120,121,122,128,129,131,134,137,148,156,159,160,162,224,61,62,63,64,65,66,67,68,103,120,122,131,136,143,149,184,224,60,61,62,63,64,65,66,67,121,122,129,130,132,136,144,149,225,226,231,232,57,58,59,60,61,62,63,64,65,66,108,122,123,130,131,132,133,135,146,147,148,226,230,233,234,54,55,56,57,58,59,60,61,62,63,65,110,123,130,131,133,135,136,137,139,210,224,229,238,52,54,55,56,57,58,59,60,61,62,63,130,131,132,133,136,137,138,139,206,207,208,209,210,212,219,228,242,49,52,53,54,55,56,57,58,59,60,61,62,63,124,132,138,208,210,227,246,247,47,50,52,53,54,55,56,57,58,59,60,61,62,114,132,133,134,138,207,208,225,254,255,256,257,258,259,260,285,286,44,46,51,52,53,54,55,56,57,58,59,60,61,115,119,132,133,135,138,180,207,208,210,211,212,213,214,215,216,217,218,221,224,50,51,52,53,54,55,56,57,58,60,119,125,133,138,204,207,209,210,211,212,213,215,216,46,48,49,50,51,52,53,54,55,56,57,58,59,125,133,136,139,194,210,221,45,48,49,50,51,52,53,54,55,56,57,119,120,132,133,135,139,192,220,44,46,47,51,52,53,54,55,56,133,134,135,136,140,191,219,39,44,45,47,51,52,53,54,118,134,139,140,190,196,218,39,49,50,51,52,117,177,197,198,215,45,46,47,48,50,178,187,197,40,41,42,43,44,45,46,47,48,187,196,197,203,209,211,39,40,41,42,43,44,45,46,47,197,204,37,38,40,42,43,44,45,197,204,37,38,41,43,44,204,36,38,39,41,42,34,35,36,37,39,40,41,179,193,203,33,35,36,37,39,33,35,38,32,35,37,27,33,34,36,31,32,33,34,191,30,31,32,33,24,29,30,32,26,27,28,31,197,20,27,28,29,10,13,14,27,6,7,9,11,12,13,14,15,16,24,25,185,186,189,6,8,9,18,22,23,182,183,0,1,2,3,4,5,6,8,9,10,19,20,21,0,1,2,3,4,5,6,7,8,9,10,12,13,14,17,0,1,2},
    Y12 = {113,115,119,119,119,120,120,120,121,122,122,123,124,124,125,127,127,127,128,129,129,129,130,131,132,133,133,133,133,133,133,133,134,135,136,136,136,136,137,138,138,138,139,139,139,139,139,140,140,140,140,140,140,141,141,141,141,141,141,141,141,141,141,141,141,141,141,141,141,141,142,142,142,142,142,142,142,142,142,142,142,142,142,142,142,142,142,142,142,142,142,142,142,142,142,142,143,143,143,143,143,143,143,143,143,143,143,143,143,143,143,143,143,143,144,144,144,144,144,144,144,144,144,144,144,144,144,144,144,144,145,145,145,145,145,145,145,145,145,145,145,145,145,145,145,145,145,145,145,146,146,146,146,146,146,146,146,146,146,146,146,146,146,146,146,146,146,146,146,146,146,146,146,146,146,147,147,147,147,147,147,147,147,147,147,147,147,147,147,147,147,147,147,147,147,147,147,147,147,147,147,147,147,147,147,148,148,148,148,148,148,148,148,148,148,148,148,148,148,148,148,148,148,148,148,148,148,148,148,148,148,148,148,148,148,149,149,149,149,149,149,149,149,149,149,149,149,149,149,149,149,149,149,149,149,149,149,149,149,150,150,150,150,150,150,150,150,150,150,150,150,150,150,150,150,150,150,150,150,150,150,150,150,150,150,150,150,150,150,150,151,151,151,151,151,151,151,151,151,151,151,151,151,151,151,151,151,151,151,151,151,151,151,151,151,151,152,152,152,152,152,152,152,152,152,152,152,152,152,152,152,152,152,153,153,153,153,153,153,153,153,153,153,153,153,153,153,153,153,153,153,153,153,154,154,154,154,154,154,154,154,154,154,154,154,154,154,154,154,154,154,154,154,154,154,154,154,154,155,155,155,155,155,155,155,155,155,155,155,155,155,155,155,155,155,155,155,155,155,155,155,155,156,156,156,156,156,156,156,156,156,156,156,156,156,156,156,156,156,156,156,156,156,156,156,156,156,156,156,156,157,157,157,157,157,157,157,157,157,157,157,157,157,157,157,157,157,157,157,157,157,158,158,158,158,158,158,158,158,158,158,158,158,158,158,158,158,158,158,158,158,158,158,158,158,158,158,158,158,158,158,159,159,159,159,159,159,159,159,159,159,159,159,159,159,159,159,159,159,159,159,159,159,159,159,159,159,159,159,159,159,159,159,159,160,160,160,160,160,160,160,160,160,160,160,160,160,160,160,160,160,160,160,160,160,160,160,161,161,161,161,161,161,161,161,161,161,161,161,161,161,161,161,161,161,161,161,162,162,162,162,162,162,162,162,162,162,162,162,162,162,162,162,162,162,162,163,163,163,163,163,163,163,163,163,163,163,163,163,163,163,163,164,164,164,164,164,164,164,164,164,164,164,164,164,164,164,165,165,165,165,165,165,165,165,165,165,166,166,166,166,166,166,166,166,167,167,167,167,167,167,167,167,167,167,167,167,167,167,167,168,168,168,168,168,168,168,168,168,168,168,169,169,169,169,169,169,169,169,169,170,170,170,170,170,170,171,171,171,171,171,172,172,172,172,172,172,172,172,172,172,173,173,173,173,173,174,174,174,175,175,175,176,176,176,176,177,177,177,177,177,178,178,178,178,179,179,179,179,180,180,180,180,180,181,181,181,181,182,182,182,182,183,183,183,183,183,183,183,183,183,183,183,183,183,183,184,184,184,184,184,184,184,184,185,185,185,185,185,185,185,185,185,185,185,185,185,186,186,186,186,186,186,186,186,186,186,186,186,186,186,186,187,187,187},
    -- Color 13
    X13 = {283,281,278,77,78,79,272,74,85,86,72,92,96,263,99,102,103,104,105,259,111,112,113,114,115,118,256,63,109,110,111,119,60,61,113,114,115,116,119,120,239,55,116,120,52,121,229,67,68,69,70,122,66,78,79,44,64,65,126,218,43,61,62,128,41,58,59,60,82,129,130,39,55,56,57,58,59,60,107,109,110,132,202,203,34,55,56,57,58,59,105,112,134,135,21,22,29,30,57,59,104,116,136,137,232,233,234,235,236,237,239,240,16,57,58,59,84,116,123,124,230,233,234,235,236,237,11,55,56,57,105,110,112,119,138,193,230,231,232,233,234,235,236,237,56,57,139,140,185,186,187,188,223,224,225,231,232,233,234,235,236,237,238,239,4,55,56,85,106,134,171,172,173,174,175,219,224,230,231,232,233,234,235,237,238,55,56,135,218,225,228,229,230,231,232,233,234,235,52,53,54,107,136,164,217,225,226,227,228,229,230,231,232,233,51,52,53,54,92,96,137,143,160,161,217,229,230,231,50,51,52,93,96,138,139,144,170,172,192,193,194,195,196,198,216,217,228,229,230,233,235,236,237,238,239,240,241,242,243,244,245,246,259,260,51,52,92,93,94,97,138,140,141,142,155,169,176,177,197,216,217,227,228,229,230,231,240,241,242,243,244,245,246,247,248,249,250,259,260,261,262,263,266,267,50,51,92,93,95,96,142,145,163,164,165,166,167,181,196,216,237,238,243,246,247,248,249,250,256,257,260,261,262,263,264,265,267,268,269,270,271,272,49,50,51,94,95,97,112,145,161,215,216,241,242,243,244,253,254,255,256,258,259,260,261,262,263,264,267,268,271,272,273,46,47,48,49,114,143,145,155,157,158,159,215,244,245,246,247,255,259,260,261,262,263,267,272,273,274,275,276,277,281,286,287,46,47,48,103,115,144,146,190,192,193,204,205,206,243,245,246,247,248,249,250,251,252,253,254,255,256,257,258,259,260,267,273,274,275,276,277,278,279,280,281,285,286,287,44,45,46,105,106,118,144,145,146,147,193,211,213,243,245,246,247,251,252,253,254,255,256,273,275,277,278,279,281,282,283,285,286,287,44,108,119,146,147,207,209,242,243,244,245,246,247,248,250,251,252,276,277,278,283,284,287,40,43,110,120,187,191,201,208,242,243,244,245,246,247,251,252,283,36,37,39,40,41,42,111,118,119,198,199,243,244,245,246,247,248,252,35,36,37,39,118,121,186,187,197,32,33,34,35,36,118,195,30,31,32,33,34,35,115,117,121,183,29,30,31,32,33,34,117,120,123,200,201,28,29,30,31,33,121,122,189,190,202,29,30,31,121,123,203,207,27,28,29,30,31,122,123,177,188,204,206,209,210,29,30,31,117,188,205,207,213,28,29,31,32,177,187,191,208,213,28,29,30,31,186,190,194,200,201,207,213,28,29,30,179,183,184,193,204,212,26,27,28,181,188,193,198,27,28,180,183,189,202,26,27,180,183,187,202,24,25,26,27,28,29,183,190,201,21,24,25,26,27,28,183,187,200,20,21,22,23,24,25,26,27,18,19,20,21,22,23,24,182,190,15,17,18,19,20,21,22,23,197,10,11,12,13,14,16,17,19,20,21,189,197,5,6,7,8,12,13,15,16,197,198,2,3,4,183,188,0,1,2,3,186,189,197,0,1,2,3,186,189,0,1,186,0,189,184,186,183},
    Y13 = {115,116,117,119,119,119,119,120,120,120,121,121,122,122,123,124,124,124,124,124,125,125,125,125,125,125,125,126,126,126,126,126,127,127,127,127,127,127,127,127,127,128,128,128,129,130,130,131,131,131,131,131,132,132,132,133,133,133,133,133,134,134,134,134,135,135,135,135,135,135,135,136,136,136,136,136,136,136,136,136,136,136,136,136,137,137,137,137,137,137,137,137,137,137,138,138,138,138,138,138,138,138,138,138,138,138,138,138,138,138,138,138,139,139,139,139,139,139,139,139,139,139,139,139,139,139,140,140,140,140,140,140,140,140,140,140,140,140,140,140,140,140,140,140,141,141,141,141,141,141,141,141,141,141,141,141,141,141,141,141,141,141,141,141,142,142,142,142,142,142,142,142,142,142,142,142,142,142,142,142,142,142,142,142,142,143,143,143,143,143,143,143,143,143,143,143,143,143,144,144,144,144,144,144,144,144,144,144,144,144,144,144,144,144,145,145,145,145,145,145,145,145,145,145,145,145,145,145,146,146,146,146,146,146,146,146,146,146,146,146,146,146,146,146,146,146,146,146,146,146,146,146,146,146,146,146,146,146,146,146,146,146,146,146,147,147,147,147,147,147,147,147,147,147,147,147,147,147,147,147,147,147,147,147,147,147,147,147,147,147,147,147,147,147,147,147,147,147,147,147,147,147,147,147,148,148,148,148,148,148,148,148,148,148,148,148,148,148,148,148,148,148,148,148,148,148,148,148,148,148,148,148,148,148,148,148,148,148,148,148,148,148,149,149,149,149,149,149,149,149,149,149,149,149,149,149,149,149,149,149,149,149,149,149,149,149,149,149,149,149,149,149,149,150,150,150,150,150,150,150,150,150,150,150,150,150,150,150,150,150,150,150,150,150,150,150,150,150,150,150,150,150,150,150,150,151,151,151,151,151,151,151,151,151,151,151,151,151,151,151,151,151,151,151,151,151,151,151,151,151,151,151,151,151,151,151,151,151,151,151,151,151,151,151,151,151,151,151,152,152,152,152,152,152,152,152,152,152,152,152,152,152,152,152,152,152,152,152,152,152,152,152,152,152,152,152,152,152,152,152,152,152,153,153,153,153,153,153,153,153,153,153,153,153,153,153,153,153,153,153,153,153,153,153,153,154,154,154,154,154,154,154,154,154,154,154,154,154,154,154,154,154,155,155,155,155,155,155,155,155,155,155,155,155,155,155,155,155,155,155,156,156,156,156,156,156,156,156,156,157,157,157,157,157,157,157,158,158,158,158,158,158,158,158,158,158,159,159,159,159,159,159,159,159,159,159,159,160,160,160,160,160,160,160,160,160,160,161,161,161,161,161,161,161,162,162,162,162,162,162,162,162,162,162,162,162,162,163,163,163,163,163,163,163,163,164,164,164,164,164,164,164,164,164,165,165,165,165,165,165,165,165,165,165,165,166,166,166,166,166,166,166,166,166,167,167,167,167,167,167,167,168,168,168,168,168,168,169,169,169,169,169,169,170,170,170,170,170,170,170,170,170,171,171,171,171,171,171,171,171,171,172,172,172,172,172,172,172,172,173,173,173,173,173,173,173,173,173,174,174,174,174,174,174,174,174,174,175,175,175,175,175,175,175,175,175,175,175,175,176,176,176,176,176,176,176,176,176,176,177,177,177,177,177,178,178,178,178,178,178,178,179,179,179,179,179,179,180,180,180,181,181,182,182,183},
    -- Color 14
    X14 = {279,275,75,81,83,84,88,91,266,88,95,86,87,91,98,66,84,86,87,98,101,89,103,104,105,106,107,108,109,110,116,117,89,107,108,112,113,114,117,118,244,62,91,110,111,112,117,118,56,115,117,118,119,236,80,120,233,50,66,67,68,69,79,80,230,48,65,66,71,72,73,74,75,76,77,78,79,80,120,121,46,62,63,64,65,80,120,121,122,123,221,61,62,63,81,121,122,123,124,125,58,60,82,123,124,125,126,127,209,57,107,125,126,127,128,83,105,106,108,111,112,130,131,231,232,243,35,54,103,104,116,133,199,229,230,231,232,233,234,235,238,239,240,241,242,243,31,52,55,56,84,101,103,112,115,123,135,197,227,228,229,230,231,238,241,242,17,18,55,56,103,104,111,113,135,137,195,227,228,229,231,232,238,239,240,241,242,12,51,53,54,84,104,111,120,121,126,224,225,226,227,228,229,238,239,240,241,242,243,8,51,53,54,55,85,105,129,138,218,219,222,226,227,228,229,230,240,241,242,243,5,51,52,53,54,90,139,140,183,217,218,220,221,225,226,227,228,229,239,240,241,242,1,51,52,53,54,86,136,137,141,180,181,217,226,227,236,237,238,239,240,241,242,270,51,91,95,137,142,216,234,235,269,49,50,93,95,107,138,162,171,197,198,216,232,233,234,238,240,241,243,260,262,263,265,266,267,268,269,48,49,92,94,97,107,108,140,158,191,231,232,234,247,248,249,250,252,257,258,261,262,265,266,267,268,272,49,50,90,91,95,96,106,107,108,109,143,144,167,168,173,174,175,178,179,180,191,251,252,253,254,255,256,257,258,264,265,268,269,270,271,272,273,274,275,47,48,49,94,97,98,110,143,144,154,162,191,215,239,240,241,242,244,245,251,252,253,254,255,258,259,273,274,275,276,285,44,45,46,47,48,143,144,182,187,188,204,214,245,246,247,248,249,250,251,252,257,274,275,276,277,282,283,284,285,286,287,1,40,44,45,101,113,144,156,187,189,192,204,205,213,214,248,249,250,251,252,253,254,256,257,258,278,279,280,282,283,284,285,0,40,41,43,44,45,104,145,184,185,186,191,194,203,213,282,283,39,40,43,107,114,115,116,117,203,210,212,34,39,40,41,42,43,114,115,116,117,118,201,202,208,7,33,34,35,37,39,41,42,111,112,116,117,118,119,200,32,33,34,35,38,112,113,116,117,120,197,0,31,32,33,34,113,117,196,2,3,30,31,114,117,0,6,7,28,29,116,184,193,0,1,2,4,28,121,122,182,189,190,0,1,2,3,4,27,123,180,181,197,201,0,1,2,3,4,5,26,27,28,122,178,188,196,202,206,0,1,2,25,26,187,197,203,208,0,1,26,27,28,177,178,187,194,198,204,209,212,25,26,27,194,205,209,212,25,26,27,178,179,185,202,204,205,210,212,25,26,27,182,189,205,206,207,25,192,199,17,20,21,22,25,26,182,190,191,198,16,17,19,21,22,23,24,25,188,201,16,19,20,21,22,23,180,187,189,198,16,17,18,19,20,22,23,180,182,188,190,198,199,14,15,16,17,18,19,182,187,190,13,14,15,16,17,187,11,12,13,14,16,181,2,6,7,8,9,186,188,0,1,2,3,4,187,199,201,0,1,180,186,197,202,202,189,181,186,199,181,182},
    Y14 = {117,118,120,120,120,120,121,121,121,122,122,123,123,123,123,124,124,124,124,124,124,125,125,125,125,125,125,125,125,125,125,125,126,126,126,126,126,126,126,126,126,127,127,127,127,127,127,127,128,128,128,128,128,128,129,129,129,130,130,130,130,130,130,130,130,131,131,131,131,131,131,131,131,131,131,131,131,131,131,131,132,132,132,132,132,132,132,132,132,132,132,133,133,133,133,133,133,133,133,133,134,134,134,134,134,134,134,134,134,135,135,135,135,135,135,136,136,136,136,136,136,136,136,136,136,136,137,137,137,137,137,137,137,137,137,137,137,137,137,137,137,137,137,137,137,137,138,138,138,138,138,138,138,138,138,138,138,138,138,138,138,138,138,138,138,138,139,139,139,139,139,139,139,139,139,139,139,139,139,139,139,139,139,139,139,139,139,140,140,140,140,140,140,140,140,140,140,140,140,140,140,140,140,140,140,140,140,140,140,141,141,141,141,141,141,141,141,141,141,141,141,141,141,141,141,141,141,141,141,141,142,142,142,142,142,142,142,142,142,142,142,142,142,142,142,142,142,142,142,142,142,142,143,143,143,143,143,143,143,143,143,143,143,143,143,143,143,143,143,143,143,143,143,143,144,144,144,144,144,144,144,144,144,145,145,145,145,145,145,145,145,145,145,145,145,145,145,145,145,145,145,145,145,145,145,145,145,145,145,146,146,146,146,146,146,146,146,146,146,146,146,146,146,146,146,146,146,146,146,146,146,146,146,146,146,146,147,147,147,147,147,147,147,147,147,147,147,147,147,147,147,147,147,147,147,147,147,147,147,147,147,147,147,147,147,147,147,147,147,147,147,147,147,147,147,148,148,148,148,148,148,148,148,148,148,148,148,148,148,148,148,148,148,148,148,148,148,148,148,148,148,148,148,148,148,148,149,149,149,149,149,149,149,149,149,149,149,149,149,149,149,149,149,149,149,149,149,149,149,149,149,149,149,149,149,149,149,150,150,150,150,150,150,150,150,150,150,150,150,150,150,150,150,150,150,150,150,150,150,150,150,150,150,150,150,150,150,150,150,151,151,151,151,151,151,151,151,151,151,151,151,151,151,151,151,151,152,152,152,152,152,152,152,152,152,152,152,153,153,153,153,153,153,153,153,153,153,153,153,153,153,154,154,154,154,154,154,154,154,154,154,154,154,154,154,154,155,155,155,155,155,155,155,155,155,155,155,156,156,156,156,156,156,156,156,157,157,157,157,157,157,158,158,158,158,158,158,158,158,159,159,159,159,159,159,159,159,159,159,160,160,160,160,160,160,160,160,160,160,160,161,161,161,161,161,161,161,161,161,161,161,161,161,161,161,162,162,162,162,162,162,162,162,162,163,163,163,163,163,163,163,163,163,163,163,163,163,164,164,164,164,164,164,164,165,165,165,165,165,165,165,165,165,165,165,166,166,166,166,166,166,166,166,167,167,167,168,168,168,168,168,168,168,168,168,168,169,169,169,169,169,169,169,169,169,169,170,170,170,170,170,170,170,170,170,170,171,171,171,171,171,171,171,171,171,171,171,171,171,172,172,172,172,172,172,172,172,172,173,173,173,173,173,173,174,174,174,174,174,174,175,175,175,175,175,175,175,176,176,176,176,176,176,176,176,177,177,177,177,177,178,179,180,181,181,181,182,183},
    -- Color 15
    X15 = {286,284,279,276,78,273,84,72,90,91,266,70,95,99,100,66,104,260,111,112,113,114,115,116,117,118,257,120,246,248,249,250,251,252,253,61,121,241,56,53,122,50,48,223,46,125,221,44,127,128,219,131,211,212,41,206,136,204,35,138,22,31,17,140,13,9,190,191,5,125,183,2,80,81,84,111,119,123,124,125,143,167,180,181,79,110,113,120,121,123,124,125,144,77,124,125,76,116,121,122,125,126,145,158,75,116,122,123,124,125,146,156,74,126,128,129,130,154,116,122,124,137,147,115,129,130,137,140,153,71,95,122,130,148,166,167,168,174,175,176,70,99,126,127,130,142,155,161,163,69,102,121,128,129,130,137,138,68,105,123,128,131,137,138,139,185,67,129,136,137,138,139,145,149,185,231,232,66,129,132,138,184,230,236,237,65,111,124,140,229,240,241,64,130,131,133,139,140,183,245,63,113,125,131,139,140,226,250,251,252,253,261,262,263,264,265,266,267,268,269,282,283,284,62,125,131,134,139,140,131,134,135,139,140,178,223,131,134,135,140,222,58,114,134,140,176,221,119,121,124,132,137,176,220,55,115,133,135,136,138,141,176,219,53,116,216,51,214,49,179,212,48,196,205,206,208,209,210,46,179,195,45,179,194,43,179,42,40,193,203,39,203,38,192,196,203,196,203,35,179,196,203,34,191,203,33,191,203,180,30,180,202,28,180,190,199,200,26,24,184,22,18,19,3,4,5,6,7,8,10,16,0},
    Y15 = {113,114,116,117,118,118,119,120,120,120,120,121,121,122,122,123,123,123,124,124,124,124,124,124,124,124,124,125,125,125,125,125,125,125,125,126,126,126,127,128,128,129,130,130,131,131,131,132,132,132,132,133,133,133,134,134,135,135,136,136,137,137,138,138,139,140,140,140,141,141,141,142,142,142,142,142,142,142,142,142,142,142,142,142,143,143,143,143,143,143,143,143,143,144,144,144,145,145,145,145,145,145,145,145,146,146,146,146,146,146,146,146,147,147,147,147,147,147,148,148,148,148,148,149,149,149,149,149,149,150,150,150,150,150,150,150,150,150,150,150,151,151,151,151,151,151,151,151,151,152,152,152,152,152,152,152,152,153,153,153,153,153,153,153,153,153,154,154,154,154,154,154,154,154,154,154,154,155,155,155,155,155,155,155,155,156,156,156,156,156,156,156,157,157,157,157,157,157,157,157,158,158,158,158,158,158,158,158,158,158,158,158,158,158,158,158,158,158,158,158,158,158,158,159,159,159,159,159,159,160,160,160,160,160,160,160,161,161,161,161,161,162,162,162,162,162,162,163,163,163,163,163,163,163,164,164,164,164,164,164,164,164,164,165,165,165,166,166,167,167,167,168,168,168,168,168,168,168,169,169,169,170,170,170,171,171,172,173,173,173,174,174,175,175,175,175,176,176,177,177,177,177,178,178,178,179,179,179,180,181,181,181,182,182,182,182,182,183,184,184,185,186,186,187,187,187,187,187,187,187,187,188},
}

local enabled = false
local overlay = nil
local fading = false

local function safeNotify(message, title, duration)
    if notify then
        pcall(notify, message, title or "Movement Toggle", duration or 3)
    end
end

local function getViewportSize()
    local ok, size = pcall(function()
        return workspace.CurrentCamera.ViewportSize
    end)

    if ok and size then
        return size
    end

    return Vector2.new(1920, 1080)
end

local function createDrawingOverlay()
    local cache = {}
    local palette = IMAGE_DATA.Palette

    for i = 1, #IMAGE_DATA.X do
        local rect = Drawing.new("Square")
        rect.Visible = false
        rect.Filled = true
        rect.Color = palette[IMAGE_DATA.C[i]]
        rect.Transparency = 1
        rect.ZIndex = 1000
        table.insert(cache, rect)
    end

    local group = {
        Cache = cache,
        Visible = false,
        Transparency = 1,
        LastW = 0,
        LastH = 0,
    }

    function group:SetVisible(value)
        self.Visible = value == true
        for _, rect in ipairs(self.Cache) do
            rect.Visible = self.Visible
        end
    end

    function group:SetTransparency(value)
        self.Transparency = value
        for _, rect in ipairs(self.Cache) do
            rect.Transparency = value
        end
    end

    function group:Layout()
        local viewport = getViewportSize()
        local sx = viewport.X / IMAGE_W
        local sy = viewport.Y / IMAGE_H

        if self.LastW == viewport.X and self.LastH == viewport.Y then
            return
        end

        self.LastW = viewport.X
        self.LastH = viewport.Y

        for i, rect in ipairs(self.Cache) do
            rect.Position = Vector2.new(IMAGE_DATA.X[i] * sx, IMAGE_DATA.Y[i] * sy)
            rect.Size = Vector2.new(math.ceil(IMAGE_DATA.W[i] * sx) + 1, math.ceil(IMAGE_DATA.H[i] * sy) + 1)
        end
    end

    function group:Remove()
        for _, rect in ipairs(self.Cache) do
            pcall(function()
                rect:Remove()
            end)
        end
        self.Cache = {}
    end

    return group
end

local function showOverlay()
    fading = false

    if not overlay then
        overlay = createDrawingOverlay()
    end

    overlay:Layout()
    overlay:SetTransparency(0)
    overlay:SetVisible(true)

    task.spawn(function()
        local duration = 0.45
        local started = os.clock()

        while enabled and os.clock() - started < duration do
            local alpha = (os.clock() - started) / duration
            if overlay then
                overlay:SetTransparency(alpha)
            end
            task.wait(0.016)
        end

        if enabled and overlay then
            overlay:SetTransparency(1)
        end
    end)
end

local function fadeOutOverlay()
    if not overlay or fading then return end

    fading = true
    task.spawn(function()
        local duration = 0.45
        local started = os.clock()

        while os.clock() - started < duration do
            local alpha = 1 - ((os.clock() - started) / duration)
            if overlay then
                overlay:SetTransparency(alpha)
            end
            task.wait(0.016)
        end

        if overlay then
            overlay:SetTransparency(0)
            overlay:SetVisible(false)
        end

        fading = false
    end)
end

local function tapKey(vk, seconds)
    pcall(keypress, vk)
    task.wait(seconds or PULSE_SECONDS)
    pcall(keyrelease, vk)
end

local function setEnabled(value)
    enabled = value == true

    if enabled then
        showOverlay()
        safeNotify("Enabled", "Movement Toggle", 2)
    else
        fadeOutOverlay()
        safeNotify("Disabled", "Movement Toggle", 2)
    end
end

task.spawn(function()
    local wasDown = false

    while true do
        local down = false
        pcall(function()
            down = iskeypressed(VK_RCONTROL) == true
        end)

        if down and not wasDown then
            setEnabled(not enabled)
        end

        wasDown = down
        task.wait(0.03)
    end
end)

task.spawn(function()
    math.randomseed(math.floor(os.clock() * 100000))

    while true do
        if enabled then
            if overlay then
                overlay:Layout()
            end

            local vk = MOVE_KEYS[math.random(1, #MOVE_KEYS)]
            tapKey(vk, PULSE_SECONDS)
            task.wait(math.random(650, 1200) / 100)
        else
            task.wait(0.1)
        end
    end
end)

safeNotify("Loaded. Press Right Control to toggle.", "Movement Toggle", 4)
